hhds_srcmap 1
file 0 dino/verilog/PipelinedDualIssueCPU.sv
filehash 0 10126870695996021854
filelines 0 656 0 38 68 91 114 147 178 208 245 276 309 340 370 405 438 472 506 536 569 572 573 607 641 697 756 812 871 917 964 1013 1059 1106 1155 1212 1268 1327 1384 1440 1499 1546 1597 1641 1684 1733 1778 1825 1876 1920 1963 2012 2067 2122 2176 2230 2286 2344 2406 2464 2520 2575 2633 2688 2743 2797 2851 2907 2965 3027 3085 3141 3196 3254 3293 3341 3385 3431 3477 3521 3560 3608 3652 3698 3744 3788 3836 3875 3919 3967 4006 4050 4088 4122 4160 4198 4237 4275 4320 4365 4410 4455 4491 4526 4562 4598 4644 4690 4730 4770 4809 4848 4886 4924 4964 5006 5052 5091 5130 5172 5214 5253 5292 5330 5368 5408 5450 5496 5535 5574 5616 5658 5703 5748 5793 5838 5874 5914 5954 5995 6013 6100 6187 6212 6232 6274 6288 6340 6354 6407 6421 6474 6488 6528 6542 6582 6596 6623 6637 6664 6679 6706 6718 6739 6766 6786 6828 6842 6896 6910 6965 6979 7034 7048 7090 7104 7146 7160 7189 7203 7232 7247 7276 7288 7309 7336 7356 7398 7412 7466 7480 7509 7523 7578 7592 7647 7661 7703 7717 7759 7773 7802 7817 7846 7858 7879 7906 7926 7968 7982 8036 8050 8079 8093 8148 8162 8217 8231 8273 8287 8329 8343 8372 8387 8416 8428 8449 8479 8524 8563 8604 8634 8679 8718 8759 8791 8806 8825 8862 8874 8912 8953 8995 9034 9042 9051 9085 9112 9145 9174 9203 9229 9272 9316 9364 9412 9460 9465 9501 9534 9601 9668 9735 9781 9799 9851 9906 9973 10040 10107 10153 10171 10223 10278 10335 10392 10449 10505 10510 10536 10598 10646 10694 10741 10788 10837 10888 10943 10991 11039 11090 11140 11145 11171 11233 11281 11329 11376 11423 11472 11523 11578 11626 11674 11725 11775 11780 11816 11867 11914 11919 11955 12006 12053 12058 12090 12151 12212 12273 12334 12398 12449 12454 12486 12547 12608 12669 12730 12794 12845 12850 12868 12920 12935 13021 13036 13090 13113 13171 13215 13294 13335 13340 13358 13410 13425 13513 13528 13582 13605 13663 13707 13786 13827 13832 13862 13877 13913 13965 14019 14036 14072 14126 14182 14260 14340 14355 14391 14442 14495 14506 14596 14608 14644 14684 14726 14778 14822 14864 14869 14908 14974 15040 15106 15172 15238 15308 15374 15444 15510 15580 15646 15716 15772 15828 15884 15939 15944 15975 16045 16115 16185 16255 16334 16403 16461 16540 16609 16667 16720 16769 16822 16875 16929 16981 16986 17011 17045 17079 17132 17163 17196 17247 17299 17360 17412 17468 17473 17498 17532 17566 17619 17658 17712 17763 17815 17876 17928 17984 17989 18016 18050 18084 18136 18192 18245 18303 18361 18418 18469 18521 18582 18639 18698 18757 18813 18818 18845 18879 18913 18965 19021 19074 19132 19190 19247 19298 19350 19411 19468 19527 19586 19642 19647 19679 19722 19765 19826 19887 19947 20007 20069 20133 20201 20265 20326 20387 20451 20511 20588 20665 20741 20817 20895 20975 21059 21139 21217 21294 21373 21378 21410 21453 21496 21557 21618 21678 21738 21800 21864 21932 21996 22057 22118 22182 22242 22319 22396 22472 22548 22626 22706 22790 22870 22948 23025 23104 23109 23137 23173 23209 23230 23284 23324 23358 23400 23490 23572 23635 23694 23748 23810 23876 23935 23993 24057 24099 24104 24132 24168 24204 24225 24279 24319 24353 24395 24485 24566 24629 24688 24742 24804 24870 24929 24987 25051 25110 25115 25148 25187 25226 25300 25373 25449 25506 25581 25655 25731 25736 25769 25808 25847 25921 25994 26070 26127 26202 26276 26352 26357 26386 26420 26454 26499 26559 26621 26680 26740 26801 26806 26835 26869 26903 26948 27008 27070 27129 27189 27250 27255 27289 27328 27367 27441 27518 27592 27668 27673 27707 27746 27785 27859 27936 28010 28086 28091 28122 28153 28180 28214 28254 28295 28320 28354 28407 28461 28490 28524 28568 28613 28640 28674 28730 28787 28815 28849 28902 28956 28984 29018 29067 29117 29141 29175 29224 29274 29284 29285
file 1 dino/verilog/StageReg_12.sv
filehash 1 16423035376094910154
filelines 1 27 0 38 58 74 90 120 153 185 219 222 223 248 276 308 329 362 398 406 421 469 523 531 558 610 668 678 679
file 2 dino/verilog/StageReg_10.sv
filehash 2 10760325324011746842
filelines 2 33 0 38 58 81 104 136 169 204 238 273 309 312 313 340 368 398 430 451 480 510 542 550 565 603 643 687 695 722 764 808 856 866 867
file 3 dino/verilog/Control.sv
filehash 3 13677507085435241787
filelines 3 64 0 38 54 80 105 130 154 178 204 232 264 289 314 342 369 372 373 415 457 500 542 585 628 671 714 757 800 844 889 905 995 1040 1087 1149 1195 1273 1346 1365 1441 1496 1515 1532 1545 1560 1577 1665 1728 1751 1831 1867 1880 1931 1958 2036 2115 2161 2184 2243 2328 2354 2377 2457 2467 2468
file 4 dino/verilog/ALU.sv
filehash 4 5600396198440927061
filelines 4 70 0 38 50 80 107 134 160 163 164 190 261 329 416 484 551 628 648 678 693 736 751 803 818 838 864 923 966 981 1001 1027 1086 1148 1163 1183 1209 1268 1305 1320 1363 1378 1421 1436 1456 1482 1539 1576 1591 1611 1637 1702 1739 1754 1824 1839 1885 1900 1971 1986 2039 2054 2107 2122 2175 2190 2217 2229 2250 2282 2292 2293
file 5 dino/verilog/ALUControl.sv
filehash 5 16228690043011431351
filelines 5 41 0 38 57 82 107 133 159 187 215 218 219 242 262 284 298 318 357 391 455 469 510 524 550 564 590 604 630 644 664 697 731 800 814 840 855 881 893 914 967 977 978
file 6 dino/verilog/DualIssueIssueUnit.sv
filehash 6 12994607352638645154
filelines 6 74 0 38 39 112 131 150 186 208 233 255 284 285 374 403 432 488 520 555 587 626 653 676 699 722 747 774 805 836 867 870 871 917 974 1031 1087 1145 1203 1261 1319 1391 1465 1521 1554 1580 1657 1714 1793 1854 1937 2024 2055 2128 2200 2275 2344 2435 2510 2530 2564 2629 2664 2723 2748 2766 2776 2805 2835 2856 2947 3023 3111 3174 3184 3185
file 7 dino/verilog/DualIssueForwardingUnit.sv
filehash 7 8447482172088386048
filelines 7 61 0 38 70 102 134 166 198 230 262 294 326 357 388 419 450 484 518 552 585 588 589 618 696 709 791 808 892 913 1001 1026 1052 1081 1159 1172 1254 1271 1355 1376 1464 1489 1515 1544 1622 1635 1717 1734 1818 1839 1929 1953 1982 2060 2073 2155 2172 2256 2277 2367 2391 2401 2402
file 8 dino/verilog/StageReg.sv
filehash 8 7613505582722196380
filelines 8 41 0 38 55 78 101 136 162 193 219 245 282 310 342 345 346 376 397 423 455 476 508 531 558 566 581 607 641 666 676 707 753 781 791 866 874 901 949 979 1019 1029 1030
file 9 dino/verilog/DualIssueRegisterFile.sv
filehash 9 15487902702467785997
filelines 9 563 0 38 68 91 126 161 196 232 262 297 332 367 403 433 469 505 541 576 579 580 602 624 646 668 690 712 734 756 778 800 823 846 869 892 915 938 961 984 1007 1030 1053 1076 1099 1122 1145 1168 1191 1214 1237 1260 1283 1306 1331 1351 1381 1397 1425 1441 1469 1485 1513 1529 1557 1573 1601 1617 1645 1661 1689 1705 1733 1749 1777 1793 1821 1837 1866 1882 1911 1927 1956 1972 2001 2017 2046 2062 2091 2107 2136 2152 2181 2197 2226 2242 2271 2287 2316 2332 2361 2377 2406 2422 2451 2467 2496 2512 2541 2557 2586 2602 2631 2647 2676 2692 2721 2737 2766 2781 2810 2822 2843 2870 2890 2920 2936 2966 2982 3012 3028 3058 3074 3104 3120 3150 3166 3196 3212 3242 3258 3288 3304 3334 3350 3380 3396 3427 3443 3474 3490 3521 3537 3568 3584 3615 3631 3662 3678 3709 3725 3756 3772 3803 3819 3850 3866 3897 3913 3944 3960 3991 4007 4038 4054 4085 4101 4132 4148 4179 4195 4226 4242 4273 4289 4320 4336 4367 4382 4413 4425 4446 4473 4493 4523 4539 4569 4585 4615 4631 4661 4677 4707 4723 4753 4769 4799 4815 4845 4861 4891 4907 4937 4953 4983 4999 5030 5046 5077 5093 5124 5140 5171 5187 5218 5234 5265 5281 5312 5328 5359 5375 5406 5422 5453 5469 5500 5516 5547 5563 5594 5610 5641 5657 5688 5704 5735 5751 5782 5798 5829 5845 5876 5892 5923 5939 5970 5985 6016 6028 6049 6076 6096 6126 6142 6172 6188 6218 6234 6264 6280 6310 6326 6356 6372 6402 6418 6448 6464 6494 6510 6540 6556 6586 6602 6633 6649 6680 6696 6727 6743 6774 6790 6821 6837 6868 6884 6915 6931 6962 6978 7009 7025 7056 7072 7103 7119 7150 7166 7197 7213 7244 7260 7291 7307 7338 7354 7385 7401 7432 7448 7479 7495 7526 7542 7573 7588 7619 7631 7652 7700 7750 7800 7850 7900 7950 8000 8050 8100 8150 8200 8251 8302 8353 8404 8455 8507 8559 8611 8663 8715 8767 8819 8871 8923 8975 9027 9079 9131 9183 9235 9267 9351 9367 9405 9423 9461 9479 9517 9535 9573 9591 9629 9647 9685 9703 9741 9759 9797 9815 9853 9871 9909 9927 9966 9985 10024 10043 10082 10101 10140 10159 10198 10217 10256 10275 10314 10333 10372 10391 10430 10449 10488 10507 10546 10565 10604 10623 10662 10681 10720 10739 10778 10797 10836 10855 10894 10913 10952 10971 11010 11029 11068 11087 11126 11156 11195 11203 11218 11249 11287 11344 11382 11415 11453 11510 11548 11581 11619 11676 11714 11747 11785 11842 11880 11913 11951 12008 12046 12079 12117 12174 12212 12245 12283 12340 12378 12411 12449 12506 12544 12577 12615 12672 12710 12743 12781 12838 12876 12909 12948 13005 13044 13078 13117 13174 13213 13247 13286 13343 13382 13416 13455 13512 13551 13585 13624 13681 13720 13754 13793 13850 13889 13923 13962 14020 14059 14093 14132 14190 14229 14263 14302 14360 14399 14433 14472 14530 14569 14603 14642 14700 14739 14773 14812 14870 14909 14943 14982 15040 15079 15113 15152 15210 15249 15283 15322 15380 15419 15453 15492 15550 15589 15623 15662 15720 15759 15793 15832 15890 15929 15963 16002 16060 16099 16133 16172 16230 16269 16303 16342 16400 16439 16486 16525 16577 16616 16624 16651 16692 16735 16778 16821 16831 16832
file 10 dino/verilog/StageReg_4.sv
filehash 10 10903737927099339764
filelines 10 82 0 38 57 79 101 137 173 208 243 280 319 362 401 438 474 513 538 576 614 651 688 727 768 813 854 893 931 971 974 975 1006 1037 1067 1097 1129 1163 1201 1235 1267 1298 1332 1364 1385 1418 1451 1483 1515 1549 1585 1625 1661 1695 1728 1764 1772 1787 1847 1907 1965 2029 2091 2163 2237 2303 2371 2431 2497 2505 2532 2584 2636 2686 2736 2790 2848 2914 2972 3026 3078 3136 3146 3147
file 11 dino/verilog/StageReg_6.sv
filehash 11 16567117960759830396
filelines 11 52 0 38 57 80 103 136 173 203 232 267 298 324 359 398 430 461 498 530 533 534 562 594 619 643 673 699 731 752 782 816 843 868 900 927 935 950 1009 1076 1129 1173 1236 1284 1292 1319 1363 1415 1453 1489 1537 1577 1587 1588
file 12 dino/verilog/StageReg_2.sv
filehash 12 4715428410420907783
filelines 12 52 0 38 57 80 103 129 164 195 228 261 292 318 346 383 416 451 486 518 521 522 543 573 599 627 655 681 713 734 757 789 817 847 877 904 912 927 972 1035 1090 1149 1208 1256 1264 1291 1321 1369 1409 1453 1497 1537 1547 1548
file 13 dino/verilog/StageReg_8.sv
filehash 13 2513724166752328479
filelines 13 34 0 38 57 79 101 138 174 213 238 277 315 355 358 359 391 422 456 488 509 543 576 612 620 635 703 763 829 837 864 918 970 1028 1038 1039
file 14 dino/verilog/ImmediateGenerator.sv
filehash 14 14456789649578091524
filelines 14 41 0 38 65 97 124 127 128 150 183 248 285 354 395 438 478 515 555 578 623 693 742 793 837 885 932 963 1015 1093 1150 1209 1265 1320 1381 1467 1532 1622 1691 1766 1817 1827 1828
file 15 dino/verilog/DualIssueHazardUnit.sv
filehash 15 1112362384406818862
filelines 15 38 0 38 66 98 130 162 194 232 265 302 340 373 410 441 468 499 530 562 592 595 596 667 681 707 788 872 900 981 1066 1114 1158 1194 1234 1285 1330 1374 1384 1385
file 16 dino/verilog/DualIssueNextPC.sv
filehash 16 17224066414897242152
filelines 16 29 0 38 62 89 118 145 172 199 222 246 278 305 330 333 334 348 415 506 593 662 683 697 778 801 868 928 983 993 994
span 13695193042365991689 0 27269 27269 608
span 6194070683198778905 1 229 229 11
span 5209380467754748636 1 254 254 12
span 12049685152394526903 1 194 194 8
span 9582951395761842985 1 162 162 7
span 17417063950512836651 1 312 530 14
span 16660935554331837025 1 368 397 16
span 6919953629608540016 1 335 361 15
span 11243502869126736385 1 475 522 20
span 2880975010156028022 1 427 468 19
span 12759743465195756671 1 567 608 23
span 4166738577215226921 1 619 666 24
span 2670169382026089909 0 26371 26371 588
span 10727363963854556661 2 326 326 13
span 13652532814820015212 2 353 353 14
span 15666273974880352069 2 381 381 15
span 5710585371828812771 2 254 254 9
span 3266099932858973209 2 289 289 10
span 6164031981559700755 2 220 220 8
span 8981538707504795548 2 434 694 17
span 17188176126801972118 2 486 509 19
span 10999081675421089638 2 516 541 20
span 18139974418525200254 2 457 479 18
span 3733814306966234773 2 609 642 24
span 15042491410177988165 2 649 686 25
span 5143934462821566645 2 571 602 23
span 16598581459572399761 2 731 762 28
span 4972054889205343339 2 773 806 29
span 4476761149854783900 2 817 854 30
span 13894373019975145163 0 10520 10520 277
span 6111246077951022333 3 380 380 17
span 3158409628290339073 3 120 120 5
span 5285028933750033587 3 193 193 8
span 17130872874775566510 3 95 95 4
span 6331744106773747207 3 219 219 9
span 13124037741410404200 3 279 279 11
span 14396927198861287813 3 329 329 13
span 9631164351807137360 3 247 247 10
span 6310090775052122548 3 145 145 6
span 12666350744405209187 3 169 169 7
span 4346876707446025355 3 304 304 12
span 12995581212711212950 3 357 357 14
span 16541386205981430832 3 422 422 18
span 10403239900527778101 3 464 464 19
span 17839678694504725990 3 507 507 20
span 10078609610763736578 3 549 549 21
span 10260636386591779229 3 592 592 22
span 9077863640206162989 3 635 635 23
span 11618721333135716244 3 678 678 24
span 7278862370735149307 3 721 721 25
span 569380985091767619 3 764 764 26
span 4365672443984513626 3 807 807 27
span 11423043746991252732 3 851 851 28
span 3962191163455795912 3 896 896 29
span 6518801398439514096 3 1002 1002 31
span 17158703921440984070 3 1047 1047 32
span 9781227470837189584 3 1094 1094 33
span 11579628702426344272 3 1156 1156 34
span 11908206547001323853 3 1204 1271 35
span 7749580464121049658 3 1282 1344 36
span 9733826917159543880 3 1355 1494 37
span 888670876340197805 3 1505 1663 40
span 5949141813615376501 3 1674 1726 46
span 6691257956045195086 3 1737 1929 47
span 7452539818396366664 3 1940 2034 52
span 1634922472418944191 3 2045 2113 54
span 4979377881990707776 3 2124 2159 55
span 4216553159611039407 3 2170 2352 56
span 13732046716365253742 3 2363 2455 60
span 8001499128441983844 0 12856 12856 329
span 842000949156872984 4 205 205 10
span 1153463707020515717 4 276 276 11
span 5209087528142201038 4 344 344 12
span 5690751309254549720 4 431 431 13
span 16584359096361994643 4 499 499 14
span 13059478199099623999 4 566 566 15
span 3161911781881625939 4 150 150 6
span 3284864456530028947 4 652 2228 17
span 10353689948492939695 4 701 735 19
span 7976277892071812561 4 179 179 9
span 15086067808141899855 4 759 802 21
span 669640645139658034 4 826 965 23
span 8443595187926962349 4 989 1147 28
span 3153266696153414472 4 1171 1304 33
span 5153001292511868154 4 1328 1362 38
span 16327527777045403030 4 1386 1420 40
span 17582857392363605996 4 1444 1575 42
span 14400897394558962021 4 1599 1738 47
span 10663341984178180187 4 1762 1823 52
span 3838576886534983322 4 1847 1884 54
span 18375380832589771558 4 1908 1970 56
span 16435219168482216127 4 1994 2038 58
span 13855384073398865825 4 2062 2106 60
span 785349281473612869 4 2130 2174 62
span 5325347678390404982 4 2198 2216 64
span 5671066535933722737 4 2259 2280 67
span 3788044205850181741 0 12071 12071 313
span 5345099714817710661 5 202 202 8
span 13692310587555025825 5 266 892 13
span 9994088256316859449 5 306 454 15
span 3004616010612089031 5 231 231 11
span 12102605553829715024 5 477 509 20
span 14119091058680196169 5 532 549 22
span 2391567799948375163 5 572 589 24
span 13638277636255566575 5 612 629 26
span 11474701478580086828 5 652 799 28
span 16928587648970844271 5 822 839 33
span 15956968944527945127 5 863 880 35
span 7297937003946109418 5 923 965 38
span 7758994510427500946 0 45 45 2
span 8547866475095898343 0 6009 6009 138
span 14222082954599442352 0 6027 6027 139
span 5340024374804903384 0 3933 3933 87
span 11113585426753684058 0 6114 6114 140
span 15079592366507060307 0 3802 3802 84
span 15624151699420027100 0 770 770 25
span 8826143226485849855 0 1027 1027 30
span 11030373719512320874 0 1073 1073 31
span 11011191590954350818 0 292 292 10
span 11381805496052182754 0 488 488 16
span 6608352436764937200 0 421 421 14
span 9901363547924179567 0 454 454 15
span 12581395756632458108 0 522 522 17
span 17982204736315350201 0 325 325 11
span 6016061884510465207 0 386 386 13
span 9229621507413035462 0 130 130 5
span 17435279355722140213 0 163 163 6
span 17565899799983198257 0 621 621 22
span 3610695255515793888 0 655 655 23
span 2470395868508734857 0 885 885 27
span 1820375573529263033 0 931 931 28
span 15524720564700974072 0 587 587 21
span 12340723931337593298 0 9133 9133 246
span 3224043459213906489 0 5852 5852 134
span 1358601042299742599 0 5888 5888 135
span 9897266466942188743 0 5928 5928 136
span 10030451590863551489 0 5968 5968 137
span 17378795044832166303 0 9559 9598 258
span 7387694598808099520 0 9626 9665 259
span 10745902348251797939 0 1120 1120 32
span 7563141949776618396 0 9806 9903 263
span 3982106409666417995 0 826 826 26
span 1845226991010892817 0 9931 9970 265
span 4374659776239387885 0 9998 10037 266
span 16012764588853242066 0 978 978 29
span 9507107394671450557 0 10178 10275 270
span 6214693389945910605 0 711 711 24
span 101554330836810761 0 9489 9489 256
span 5482057838757340615 0 5672 5672 130
span 13231019333462271718 0 5717 5717 131
span 6958279829982241114 0 5762 5762 132
span 18364242267292232876 0 5807 5807 133
span 15789845329156454710 0 10558 10595 278
span 6580184283967579802 0 5228 5228 119
span 9474317621723355892 0 5267 5267 120
span 3809020893711340319 0 5306 5306 121
span 10637693719283143525 0 5344 5344 122
span 8451331937869728030 0 5382 5382 123
span 15278753261415740183 0 5422 5422 124
span 14345388859077935183 0 5464 5464 125
span 2663279952926976323 0 5510 5510 126
span 7059336185478707308 0 5549 5549 127
span 9341526201976774867 0 5588 5588 128
span 12927357453738325242 0 5630 5630 129
span 11371634138393085769 0 11193 11230 292
span 8946633353183551341 0 11155 11155 291
span 9022246274893936517 0 4784 4784 108
span 13334823693421473058 0 4823 4823 109
span 4950867522184537600 0 4862 4862 110
span 524162736507794164 0 4900 4900 111
span 1493308442867308619 0 4938 4938 112
span 11061402015603398360 0 4978 4978 113
span 1350919794519143956 0 5020 5020 114
span 16904766098985431297 0 5066 5066 115
span 8210821726259843561 0 5105 5105 116
span 6709773564495458561 0 5144 5144 117
span 6112535014912865662 0 5186 5186 118
span 7589369894743365799 0 11801 11801 305
span 4593121280741862576 0 4744 4744 107
span 10129766087658247333 0 11940 11940 309
span 10338403781584241882 0 4704 4704 106
span 9383661711680915527 0 2702 2702 62
span 5260817764140858261 0 2647 2647 61
span 13287012803934481095 0 3574 3574 79
span 3635348611574811092 0 12292 12331 317
span 10395526845208983326 0 3041 3041 68
span 5091936079418234410 0 4658 4658 105
span 17201182951334716156 0 2081 2081 51
span 14799945885930796000 0 2026 2026 50
span 11977320539247969252 0 3307 3307 73
span 5522952062788694999 0 12688 12727 325
span 7560342259636955176 0 2420 2420 57
span 12241092222766543348 0 12467 12467 321
span 12502508368351125152 0 4612 4612 104
span 1317501813605781683 0 14932 14971 379
span 14407537572944981384 0 14998 15037 380
span 8715066820316895214 0 15064 15103 381
span 6857547962503923986 0 15130 15169 382
span 2230702427744749485 0 1977 1977 49
span 860047140243304788 0 1454 1454 38
span 11566185626982299523 0 1698 1698 43
span 13337202029911866061 0 1282 1282 35
span 15690478827301622135 0 15468 15507 387
span 7244809806148918706 0 15604 15643 389
span 13509863786888209647 0 14895 14895 378
span 62005339201871608 0 4289 4289 96
span 17611726393426821350 0 4334 4334 97
span 1533335708393231469 0 4379 4379 98
span 10228408539346670927 0 4424 4424 99
span 1503903467151909796 0 16003 16042 397
span 9161185294112045434 0 16073 16112 398
span 16928137366860035162 0 16143 16182 399
span 17018235306247723681 0 16213 16252 400
span 4460840382333900232 0 3099 3099 69
span 10354435606715315443 0 16362 16400 402
span 6952011082266641289 0 1934 1934 48
span 17014855765138702274 0 2478 2478 58
span 15713404156748371572 0 16568 16606 405
span 13118517421926402349 0 1655 1655 42
span 6019947826377641553 0 15966 15966 396
span 1048133708293990748 0 4064 4064 90
span 4724528192767387742 0 4102 4102 91
span 15382991422227981812 0 4136 4136 92
span 12422752924701786086 0 4174 4174 93
span 12913615247422531136 0 4212 4212 94
span 13942580620675180782 0 4251 4251 95
span 14754864934917205859 0 17273 17296 421
span 6772579639944205966 0 16997 16997 414
span 9862099715798291821 0 3981 3981 88
span 7671062446887372659 0 4020 4020 89
span 12744862838827090891 0 17645 17655 430
span 16681318460726020574 0 17789 17812 433
span 6459757444459235155 0 17484 17484 426
span 1907956472742410697 0 3850 3850 85
span 7644480037098837251 0 3889 3889 86
span 17355313058040466478 0 18002 18002 438
span 13792861605884582395 0 3535 3535 78
span 3450052326546128034 0 3622 3622 80
span 14756334160542735554 0 3666 3666 81
span 2103086739373371012 0 3712 3712 82
span 6170600354673567770 0 3758 3758 83
span 16971894600136859216 0 18831 18831 455
span 11932471711693575458 0 3268 3268 72
span 672780713821790809 0 3355 3355 74
span 9428865940590043523 0 3399 3399 75
span 2189623978951527776 0 3445 3445 76
span 12511225051718959697 0 3491 3491 77
span 9910395346060773817 0 19660 19660 472
span 12163768140398834874 0 2757 2757 63
span 17923204596771702524 0 2811 2811 64
span 8491589317775814620 0 2865 2865 65
span 2565674874640919737 0 2921 2921 66
span 11448482197456627709 0 2979 2979 67
span 17805177968506713775 0 3155 3155 70
span 14312070353531817135 0 3210 3210 71
span 6240071635102913830 0 21391 21391 499
span 2124594710484202354 0 2136 2136 52
span 14145648873042245280 0 2190 2190 53
span 7060218783700879536 0 2244 2244 54
span 2852079134342433265 0 2300 2300 55
span 801473008042798730 0 2358 2358 56
span 8353642083667474473 0 2534 2534 59
span 15207201264923535180 0 2589 2589 60
span 8225101686318358038 0 25128 25128 566
span 11651126550774518480 0 1341 1341 36
span 12113292933452584238 0 1398 1398 37
span 12727916728076830538 0 25749 25749 577
span 11017070855641828250 0 1169 1169 33
span 5497602440845658394 0 1226 1226 34
span 15663466495426099122 0 1792 1792 45
span 5597399652228414430 0 1513 1513 39
span 2901653409755532642 0 26820 26820 598
span 8024228954080317465 0 27687 27687 616
span 18038939552416991853 0 28100 28120 624
span 4905324864112144350 0 1747 1747 44
span 5470821093007577373 0 28304 28459 630
span 2562240800296353526 0 1560 1560 40
span 633903183896094998 0 1839 1839 46
span 8285558404860647096 0 28470 28611 634
span 11386514974795173832 0 28622 28785 638
span 6931885748579951614 0 28796 28954 642
span 2187937924846277517 0 28965 29115 646
span 6120608930980493640 0 29126 29272 650
span 88155643626331521 0 6236 6717 143
span 3991697465779956976 0 6201 6201 141
span 17576831404434171222 0 6362 6406 147
span 3790005644128955113 0 6429 6473 149
span 4882050302323134804 0 6496 6527 151
span 5310671332359101895 0 6550 6581 153
span 4223360061772825337 0 6604 6622 155
span 6173805821945335043 0 6645 6663 157
span 5931358843677819194 0 6687 6705 159
span 17386768027722707559 0 6790 7287 164
span 11630985487983416044 0 6753 6753 162
span 7142324393061709026 0 6918 6964 168
span 2671357395258940457 0 6987 7033 170
span 10386036061617552230 0 7056 7089 172
span 15517216166525064246 0 7112 7145 174
span 17991192865240706183 0 7168 7188 176
span 11989924452670069814 0 7211 7231 178
span 13139541302839542538 0 7255 7275 180
span 991559683575636511 0 7360 7857 185
span 2550854163128367214 0 7323 7323 183
span 1285120871625570333 0 7488 7508 189
span 10190853584485109811 0 7531 7577 191
span 3532553438383535300 0 7600 7646 193
span 13117963503638615464 0 7669 7702 195
span 7366391242665859335 0 7725 7758 197
span 8099390835645685213 0 7781 7801 199
span 9021655258023465234 0 7825 7845 201
span 7412844007550240169 0 7930 8427 206
span 14855415955352916864 0 7893 7893 204
span 9709868393177571352 0 8058 8078 210
span 497972980461097920 0 8101 8147 212
span 11918937195687049267 0 8170 8216 214
span 16022701263220773007 0 8239 8272 216
span 446109727437311687 0 8295 8328 218
span 8098640955260767745 0 8351 8371 220
span 2572043856456652098 0 8395 8415 222
span 6288035028819731724 0 8795 9084 234
span 3988371642587053884 0 8812 8824 235
span 15516255698708389694 0 8834 9084 236
span 899671289013577500 0 1611 1611 41
span 9291791866003345966 0 1890 1890 47
span 15468341361634638609 0 8868 8994 237
span 7320842650771704838 0 9004 9084 241
span 15596717548205017166 0 9057 9084 244
span 10476583094624463137 0 12942 13018 332
span 12049066956025970601 0 13043 13291 334
span 7630931483850455357 0 4576 4576 103
span 15737505179425309561 0 13432 13510 344
span 3660194819543134214 0 13535 13783 346
span 8211343658717567464 0 13346 13346 341
span 2609886977487648662 0 4540 4540 102
span 11522297566871951856 0 13884 14016 355
span 10119682101405130458 0 14043 14179 359
span 11718213428030420920 0 14203 14257 362
span 2968457935673683417 0 14281 14337 363
span 18370749713636124467 0 14362 14492 365
span 6855093044297148948 0 14513 14593 369
span 14243124980177331271 0 14615 14723 371
span 2055682096902767776 0 13850 13850 353
span 18213000784186427031 0 4469 4469 100
span 16575495723361895824 0 4505 4505 101
span 9558167950775980343 0 23237 23355 530
span 7546020900929523898 0 23428 23487 534
span 6024385520077060635 0 23518 23569 535
span 14207446382788891552 0 23122 23122 526
span 7004278800176719005 0 24232 24350 550
span 2647392310123512061 0 24423 24482 554
span 4870964908448649751 0 24513 24563 555
span 9884906233523435397 0 24117 24117 546
span 10738226206833088429 6 885 885 31
span 2143115682348775001 6 931 931 32
span 3700093477083889611 6 763 763 25
span 1088760188575514243 6 790 790 26
span 16491276324686347603 6 821 821 27
span 3745366840075709922 6 852 852 28
span 2369518697124929386 6 988 988 33
span 14056724005042798246 6 1045 1045 34
span 3568870533086096468 6 1101 1101 35
span 1934476332620218115 6 1159 1159 36
span 12296665511160062334 6 1217 1217 37
span 7103937892496307200 6 1275 1275 38
span 414891705615911997 6 1333 1333 39
span 6488933292598397737 6 1405 1405 40
span 12634458021925526521 6 1479 1479 41
span 8782037421716309748 6 1535 1535 42
span 8395976210102118163 6 2844 2945 67
span 8093894699642421513 6 2956 3021 69
span 16435239634352795745 6 3032 3109 70
span 12931784181138984717 6 3120 3172 71
span 13128676825042064885 7 598 1050 21
span 14823187556955415132 7 465 465 15
span 13092083806268404094 7 499 499 16
span 12333452901273125122 7 533 533 17
span 8214893642507317166 7 567 567 18
span 5106201042643198553 7 1061 1513 31
span 17039712793244938191 7 1524 1951 41
span 15442902256938221913 7 1962 2389 50
span 3391419922542272945 8 359 359 15
span 2399518844750515228 8 389 389 16
span 10603981696319537341 8 410 410 17
span 12138440654314002586 8 261 261 10
span 2834699927069721740 8 326 326 12
span 11999634879516709196 8 298 298 11
span 14665227195455568555 8 459 873 19
span 5588122445045270009 8 482 507 20
span 6515507967629178230 8 537 557 22
span 1116280395658018624 8 514 530 21
span 12883914686574366666 8 587 790 25
span 3619628660818185301 8 615 640 26
span 16015290410533873832 8 649 665 27
span 13262870543156922145 8 687 790 29
span 14940572215941598053 8 715 752 30
span 15314759027138834679 8 761 780 31
span 3683876649839739818 8 797 865 33
span 10321751967070933779 8 910 947 36
span 18166870716299119829 8 958 977 37
span 18291232104383732826 8 988 1017 38
span 14789359748473893150 9 594 594 20
span 3426063390931816144 9 616 616 21
span 15127411463299100562 9 638 638 22
span 5654490926513550406 9 660 660 23
span 12624666905289487929 9 682 682 24
span 4638916514621865678 9 704 704 25
span 2280004695143884926 9 726 726 26
span 18059340456650657908 9 748 748 27
span 2395410671198626895 9 770 770 28
span 4452743282360638663 9 792 792 29
span 16258828367948140171 9 814 814 30
span 9539075757087845700 9 837 837 31
span 14969921377763777734 9 860 860 32
span 18059782750258797016 9 883 883 33
span 11627420515951846224 9 906 906 34
span 10327641968685551388 9 929 929 35
span 13855198549458761194 9 952 952 36
span 9361592482073685846 9 975 975 37
span 3500831889947920079 9 998 998 38
span 18045388812248795045 9 1021 1021 39
span 11901744483028964844 9 1044 1044 40
span 10596195358631721970 9 1067 1067 41
span 13061078909911406074 9 1090 1090 42
span 16118519144640105391 9 1113 1113 43
span 17914815011801521745 9 1136 1136 44
span 12454136605201710040 9 1159 1159 45
span 16534738120026985834 9 1182 1182 46
span 18017644069414683099 9 1205 1205 47
span 8209293698457322196 9 1228 1228 48
span 4136388981168762076 9 1251 1251 49
span 14205893926187416220 9 1274 1274 50
span 3134396918934670345 9 1297 1297 51
span 174151213845120306 9 449 449 14
span 15154036357931872041 9 485 485 15
span 9374651344633020304 9 521 521 16
span 11088837987198191998 9 557 557 17
span 4527835536548764482 9 1355 2821 54
span 12180502482647084870 9 1320 1320 52
span 5255565364957483451 9 1449 1468 58
span 13669337224389569655 9 1493 1512 60
span 1294164734199901944 9 1537 1556 62
span 14282405382926327895 9 1581 1600 64
span 3694080321171970214 9 1625 1644 66
span 6517702642266140632 9 1669 1688 68
span 12451041163602115613 9 1713 1732 70
span 4748512758706080067 9 1757 1776 72
span 9182412626545412833 9 1801 1820 74
span 5951734182194875017 9 1845 1865 76
span 3314318399117644678 9 1890 1910 78
span 16639973403040531726 9 1935 1955 80
span 4553646645206527979 9 1980 2000 82
span 17177598459834267638 9 2025 2045 84
span 16742519051307988421 9 2070 2090 86
span 6201802108550287882 9 2115 2135 88
span 10564766485210357891 9 2160 2180 90
span 734616054609164926 9 2205 2225 92
span 2722172864800691382 9 2250 2270 94
span 15588459023180956679 9 2295 2315 96
span 8019975923595208636 9 2340 2360 98
span 573561464031212874 9 2385 2405 100
span 2094928436988506490 9 2430 2450 102
span 11983014554080591271 9 2475 2495 104
span 6308835716493774273 9 2520 2540 106
span 14866475271559285231 9 2565 2585 108
span 15476766031203515101 9 2610 2630 110
span 15689939120708723137 9 2655 2675 112
span 1394164469491022165 9 2700 2720 114
span 6030236218145095391 9 2745 2765 116
span 1454526195852064986 9 2789 2809 118
span 10449034591347405124 9 2894 4424 123
span 11614510479610464815 9 2857 2857 121
span 14939510939489248402 9 2990 3011 127
span 17852322689577844678 9 3036 3057 129
span 6326040300186629495 9 3082 3103 131
span 5446313882344917902 9 3128 3149 133
span 2400618715407355240 9 3174 3195 135
span 1033363535583125230 9 3220 3241 137
span 13239936868612038686 9 3266 3287 139
span 9827136039213654509 9 3312 3333 141
span 13612874190888477774 9 3358 3379 143
span 1664522937277895277 9 3404 3426 145
span 12805908308964810531 9 3451 3473 147
span 296224595089833861 9 3498 3520 149
span 9611166627002735964 9 3545 3567 151
span 8108052164768130428 9 3592 3614 153
span 1127948488558309696 9 3639 3661 155
span 7095336973132943427 9 3686 3708 157
span 16141019929251649531 9 3733 3755 159
span 6648066309507390074 9 3780 3802 161
span 6435541286088405279 9 3827 3849 163
span 10111843719634230329 9 3874 3896 165
span 16880641958329855831 9 3921 3943 167
span 7481898565974006616 9 3968 3990 169
span 15371006314837114082 9 4015 4037 171
span 8201939118694366787 9 4062 4084 173
span 18439214360481770950 9 4109 4131 175
span 4679988304998642949 9 4156 4178 177
span 17691609296120495713 9 4203 4225 179
span 17572920558889275811 9 4250 4272 181
span 13406526774930534265 9 4297 4319 183
span 9252141003569634172 9 4344 4366 185
span 11110174075959485646 9 4390 4412 187
span 5753461951313333877 9 4497 6027 192
span 4104896151836692636 9 4460 4460 190
span 6795937821699935058 9 4593 4614 196
span 12094881389573787130 9 4639 4660 198
span 10859222895068397383 9 4685 4706 200
span 11226081185591457149 9 4731 4752 202
span 16164686108183247797 9 4777 4798 204
span 14895824397419754966 9 4823 4844 206
span 14640929499596697752 9 4869 4890 208
span 1632478881740324219 9 4915 4936 210
span 13761518668298194322 9 4961 4982 212
span 14220106813151498109 9 5007 5029 214
span 10609052133483071600 9 5054 5076 216
span 3494394292832651802 9 5101 5123 218
span 9209126889812474431 9 5148 5170 220
span 12598918184523079713 9 5195 5217 222
span 2737219768382818283 9 5242 5264 224
span 1517326587755439613 9 5289 5311 226
span 7653998506197093815 9 5336 5358 228
span 10332590274161880421 9 5383 5405 230
span 17346502426517359893 9 5430 5452 232
span 9582522156082652068 9 5477 5499 234
span 18258593330664563792 9 5524 5546 236
span 4881159348423378572 9 5571 5593 238
span 1838572499749169532 9 5618 5640 240
span 15301438051594307011 9 5665 5687 242
span 2859484810145789177 9 5712 5734 244
span 1341931609409972986 9 5759 5781 246
span 12604458099508603106 9 5806 5828 248
span 1698209659946503658 9 5853 5875 250
span 16223943891779561329 9 5900 5922 252
span 7572531363324824758 9 5947 5969 254
span 14222782143632094339 9 5993 6015 256
span 10632340455660934273 9 6100 7630 261
span 10183561101209371853 9 6063 6063 259
span 16204511461276218088 9 6196 6217 265
span 6317285972016487562 9 6242 6263 267
span 12450621728709100141 9 6288 6309 269
span 3173650683124161354 9 6334 6355 271
span 15168813369987714712 9 6380 6401 273
span 5246758072492710725 9 6426 6447 275
span 13044321431094699275 9 6472 6493 277
span 6396999055187485264 9 6518 6539 279
span 15832266166034167856 9 6564 6585 281
span 10101640160850894251 9 6610 6632 283
span 16184901563044073656 9 6657 6679 285
span 14181254686778008833 9 6704 6726 287
span 4528607957131405696 9 6751 6773 289
span 87557572081031726 9 6798 6820 291
span 12038469777322979186 9 6845 6867 293
span 2121883807156268177 9 6892 6914 295
span 13152745653547668176 9 6939 6961 297
span 8618930462761543593 9 6986 7008 299
span 11422423613589296617 9 7033 7055 301
span 4978015262599433522 9 7080 7102 303
span 7815647321045475491 9 7127 7149 305
span 11500197833855789730 9 7174 7196 307
span 2256941806489505305 9 7221 7243 309
span 9952182673885866653 9 7268 7290 311
span 6258293008570848858 9 7315 7337 313
span 15663499276641137039 9 7362 7384 315
span 14070576722988994056 9 7409 7431 317
span 9204619947923898970 9 7456 7478 319
span 15476897241776004349 9 7503 7525 321
span 16296398216018765377 9 7550 7572 323
span 13385057414944424265 9 7596 7618 325
span 356370553122297541 9 7666 7666 328
span 11309195122796379724 9 7714 7714 329
span 14285274847931823827 9 7764 7764 330
span 3343277763179481914 9 7814 7814 331
span 965961380966288741 9 7864 7864 332
span 17172474736166897997 9 7914 7914 333
span 6859684959614339631 9 7964 7964 334
span 17413017867082629263 9 8014 8014 335
span 13282857156926591726 9 8064 8064 336
span 12582472468419897980 9 8114 8114 337
span 5638942442121261920 9 8164 8164 338
span 1663429930856469223 9 8214 8214 339
span 5332040498731736863 9 8265 8265 340
span 4615061831873097082 9 8316 8316 341
span 6395803703897283697 9 8367 8367 342
span 3369491664652102431 9 8418 8418 343
span 5154071896384718028 9 8469 8469 344
span 10667932976464796957 9 8521 8521 345
span 7106472944596171325 9 8573 8573 346
span 11263530064732503982 9 8625 8625 347
span 5772006700817218282 9 8677 8677 348
span 7826857851868589605 9 8729 8729 349
span 12201210927911281303 9 8781 8781 350
span 9265882805798305793 9 8833 8833 351
span 11251756066494546925 9 8885 8885 352
span 715173674298355728 9 8937 8937 353
span 2383796127494909056 9 8989 8989 354
span 8074188248641712267 9 9041 9041 355
span 14119935144325220511 9 9093 9093 356
span 7753900237861596941 9 9145 9145 357
span 14334493818865190099 9 9197 9197 358
span 9845829718021790260 9 9271 16623 360
span 1870385925440817 9 9357 9404 361
span 13341330239957231293 9 9375 9404 362
span 7419250544559914221 9 9411 9460 363
span 4894745667022187477 9 9431 9460 364
span 17786224459160316705 9 9467 9516 365
span 9454750206010176505 9 9487 9516 366
span 3850508242809979686 9 9523 9572 367
span 7422844626365346352 9 9543 9572 368
span 4810782288590533850 9 9579 9628 369
span 15040352526552714080 9 9599 9628 370
span 5358667682785815293 9 9635 9684 371
span 1927735342995226508 9 9655 9684 372
span 6201761462688870057 9 9691 9740 373
span 16927894835084893107 9 9711 9740 374
span 13391766061587933328 9 9747 9796 375
span 5918369877718701458 9 9767 9796 376
span 8701019465502320845 9 9803 9852 377
span 16560612737571441462 9 9823 9852 378
span 2158337551606175687 9 9859 9908 379
span 13202413471375190492 9 9879 9908 380
span 9884150964829236723 9 9915 9965 381
span 630109571728719288 9 9935 9965 382
span 4893490589752882072 9 9972 10023 383
span 8848431935630461577 9 9993 10023 384
span 17131773362029030743 9 10030 10081 385
span 8183655080519487395 9 10051 10081 386
span 2881005069709681214 9 10088 10139 387
span 2667457565503238400 9 10109 10139 388
span 8407767437731758505 9 10146 10197 389
span 16666577848271724303 9 10167 10197 390
span 984723569725577051 9 10204 10255 391
span 7065316028077372566 9 10225 10255 392
span 1888371522360486037 9 10262 10313 393
span 10360953548338472041 9 10283 10313 394
span 2193136061927280849 9 10320 10371 395
span 9983004142860638034 9 10341 10371 396
span 6678774449877875526 9 10378 10429 397
span 13344776161213396598 9 10399 10429 398
span 6775473825921783836 9 10436 10487 399
span 15334925287861998669 9 10457 10487 400
span 16634323618770745175 9 10494 10545 401
span 7843614462599915521 9 10515 10545 402
span 5847169336012697848 9 10552 10603 403
span 10017954739136502274 9 10573 10603 404
span 5348883679563786835 9 10610 10661 405
span 10952609087885675645 9 10631 10661 406
span 15263034707426832397 9 10668 10719 407
span 625856184604044285 9 10689 10719 408
span 1007264728544856155 9 10726 10777 409
span 2625268160702233137 9 10747 10777 410
span 2553168060356422953 9 10784 10835 411
span 3062912235093259833 9 10805 10835 412
span 15902092886359708212 9 10842 10893 413
span 4811821647458825573 9 10863 10893 414
span 9568621590303018161 9 10900 10951 415
span 8177934070787616053 9 10921 10951 416
span 13737167881477802570 9 10958 11009 417
span 8881412546669161855 9 10979 11009 418
span 676170575813804190 9 11016 11067 419
span 14855598264479736299 9 11037 11067 420
span 5831524684327750578 9 11074 11125 421
span 6311266502656487289 9 11095 11125 422
span 6249278546254826450 9 11132 11194 423
span 14069995956281577030 9 11164 11194 424
span 14053010304325438710 9 11224 11381 427
span 9059624814077339224 9 11257 11286 428
span 11641694554150107153 9 11298 11381 429
span 15070888954202617862 9 11352 11381 430
span 1523717589502446058 9 11388 11547 431
span 16638243742086548782 9 11423 11452 432
span 4158304255268421465 9 11464 11547 433
span 15570304124849224479 9 11518 11547 434
span 4180977074694657581 9 11554 11713 435
span 1511350782417653986 9 11589 11618 436
span 11887633247026717435 9 11630 11713 437
span 9819757081846972412 9 11684 11713 438
span 5231094564066412919 9 11720 11879 439
span 4002671603559296561 9 11755 11784 440
span 17508455872999314582 9 11796 11879 441
span 287279703425873327 9 11850 11879 442
span 4051409579118196907 9 11886 12045 443
span 9493226747965292743 9 11921 11950 444
span 7094552432478106609 9 11962 12045 445
span 6200915205218747864 9 12016 12045 446
span 8664454489483552753 9 12052 12211 447
span 43073066441189177 9 12087 12116 448
span 2653897450120829721 9 12128 12211 449
span 11454238617698840267 9 12182 12211 450
span 12724130396890568048 9 12218 12377 451
span 14624186066976996120 9 12253 12282 452
span 7770642210336215209 9 12294 12377 453
span 15338833506310679383 9 12348 12377 454
span 1839709569174996100 9 12384 12543 455
span 7216713261841800136 9 12419 12448 456
span 15976500490373878556 9 12460 12543 457
span 5856229838348465784 9 12514 12543 458
span 7182820013618380573 9 12550 12709 459
span 11033418315056999626 9 12585 12614 460
span 1951268843300219548 9 12626 12709 461
span 10115217812563655379 9 12680 12709 462
span 7923299684746923368 9 12716 12875 463
span 10373862583270445420 9 12751 12780 464
span 13203288678034596139 9 12792 12875 465
span 7257651118198450446 9 12846 12875 466
span 14378571248878851884 9 12882 13043 467
span 5059664087588592145 9 12917 12947 468
span 14234472194530993500 9 12959 13043 469
span 14948786688137539905 9 13013 13043 470
span 15989256100172801222 9 13050 13212 471
span 14949184293514294857 9 13086 13116 472
span 14560071735687749594 9 13128 13212 473
span 9136881342252214993 9 13182 13212 474
span 15956859206799420879 9 13219 13381 475
span 14548371903059293360 9 13255 13285 476
span 17397990448674287991 9 13297 13381 477
span 17284501153186928201 9 13351 13381 478
span 3455040826896825382 9 13388 13550 479
span 16188222950748739628 9 13424 13454 480
span 3661223776280436260 9 13466 13550 481
span 5975014621351345715 9 13520 13550 482
span 14142686394306563312 9 13557 13719 483
span 5944257103340831013 9 13593 13623 484
span 5472652129878248347 9 13635 13719 485
span 352976587252690266 9 13689 13719 486
span 11575444252850948046 9 13726 13888 487
span 4033710805712577378 9 13762 13792 488
span 1296913232204660916 9 13804 13888 489
span 13240516256773057535 9 13858 13888 490
span 14608789146355305277 9 13895 14058 491
span 17253546961994578348 9 13931 13961 492
span 9721123472791693671 9 13973 14058 493
span 1280991643674755610 9 14028 14058 494
span 14044236248710451235 9 14065 14228 495
span 12112756694771962841 9 14101 14131 496
span 5563396224365140699 9 14143 14228 497
span 5162741324934204515 9 14198 14228 498
span 2508862523815219601 9 14235 14398 499
span 12187500447665149746 9 14271 14301 500
span 14334377882659598837 9 14313 14398 501
span 4787542478486427578 9 14368 14398 502
span 9625779444561752437 9 14405 14568 503
span 13840457225223275522 9 14441 14471 504
span 16800489543515342041 9 14483 14568 505
span 1067907084141612658 9 14538 14568 506
span 8940559556095640118 9 14575 14738 507
span 441131482098364199 9 14611 14641 508
span 5266979998069261512 9 14653 14738 509
span 15835496541518886662 9 14708 14738 510
span 3178909906559645188 9 14745 14908 511
span 18350154861424058483 9 14781 14811 512
span 5859792971078994937 9 14823 14908 513
span 17188883848397712685 9 14878 14908 514
span 108950123807832502 9 14915 15078 515
span 14770673792329707533 9 14951 14981 516
span 5344339380790228884 9 14993 15078 517
span 4788717082039195105 9 15048 15078 518
span 14611685764007580544 9 15085 15248 519
span 12496084383034642133 9 15121 15151 520
span 18365704161835776199 9 15163 15248 521
span 7354688804364400206 9 15218 15248 522
span 4673639772021742634 9 15255 15418 523
span 157376658170438406 9 15291 15321 524
span 9814677571038156311 9 15333 15418 525
span 2746900184800987814 9 15388 15418 526
span 6352721502054752814 9 15425 15588 527
span 7098915175665130689 9 15461 15491 528
span 7119734333983985756 9 15503 15588 529
span 9752598142863800265 9 15558 15588 530
span 4879735376141057117 9 15595 15758 531
span 14163677864642421986 9 15631 15661 532
span 4846920612989107282 9 15673 15758 533
span 18430511133545668426 9 15728 15758 534
span 12842044103126306416 9 15765 15928 535
span 9515537864859530409 9 15801 15831 536
span 8727844811735992995 9 15843 15928 537
span 14875038311793111020 9 15898 15928 538
span 16980991866794126355 9 15935 16098 539
span 16335894165433756906 9 15971 16001 540
span 16623387912401652065 9 16013 16098 541
span 3792818157818673879 9 16068 16098 542
span 6837169784652741232 9 16105 16268 543
span 4034721594325053465 9 16141 16171 544
span 7705445916341661732 9 16183 16268 545
span 12049356230761989087 9 16238 16268 546
span 6507095090200631995 9 16275 16438 547
span 2824376238422948908 9 16311 16341 548
span 11958250263529358429 9 16353 16438 549
span 5621635221103405499 9 16408 16438 550
span 8303236880888166332 9 16445 16615 551
span 1321438959027320001 9 16494 16524 552
span 7828782814340075921 9 16536 16615 553
span 5702860338037788770 9 16585 16615 554
span 8665889656207443724 9 16660 16690 557
span 8311729901331596029 9 16701 16733 558
span 188790720427112532 9 16744 16776 559
span 775473478787014182 9 16787 16819 560
span 6518310201975745694 10 987 987 30
span 10163495270496978959 10 1018 1018 31
span 4954913712194863834 10 1049 1049 32
span 8336466117385536073 10 1079 1079 33
span 10395554131323444665 10 1109 1109 34
span 6332144559001699409 10 1141 1141 35
span 8565007284230462714 10 1175 1175 36
span 16129747244302941055 10 1213 1213 37
span 17716911398308251403 10 1247 1247 38
span 2347148829421664014 10 1279 1279 39
span 10580143116135119975 10 1310 1310 40
span 10900341545097479177 10 591 591 18
span 4856060838426885601 10 703 703 21
span 11155856418025175877 10 553 553 17
span 565050898153180309 10 742 742 22
span 15738331972678335314 10 783 783 23
span 13907292346797786640 10 629 629 19
span 3115216818271622410 10 666 666 20
span 8709763417839094202 10 828 828 24
span 3916479744281782139 10 869 869 25
span 16541930703354359006 10 946 946 27
span 14847553639489205692 10 908 908 26
span 11695356057490241380 10 1368 2504 42
span 10222935911638315199 10 1424 1450 44
span 10937372505775983898 10 1521 1548 47
span 8413391451874145423 10 1391 1417 43
span 16398027604959989476 10 1555 1584 48
span 4360117212644514318 10 1591 1624 49
span 8841553090289385609 10 1457 1482 45
span 4510429078691463874 10 1489 1514 46
span 3954651903509258423 10 1631 1660 50
span 13133515048613650950 10 1667 1694 51
span 14791783453675309573 10 1734 1763 53
span 12798825406564658647 10 1701 1727 52
span 1624387264763284820 10 1793 1846 56
span 12476469559286587659 10 1853 1906 57
span 16169018203562368638 10 1913 1964 58
span 9725677898786477679 10 1971 2028 59
span 14020943300342556243 10 2035 2090 60
span 10108151751217798390 10 2097 2162 61
span 15960442033194619198 10 2169 2236 62
span 12804071372334883149 10 2243 2302 63
span 9259057921081087334 10 2309 2370 64
span 10232812265901543948 10 2377 2430 65
span 12466692833651588584 10 2437 2496 66
span 4663462021150346237 10 2541 2582 69
span 10783674208115131822 10 2593 2634 70
span 15065986639890258682 10 2645 2684 71
span 6981208300084399159 10 2695 2734 72
span 13666903354968237125 10 2745 2788 73
span 13426420353605945108 10 2799 2846 74
span 15099017316597184 10 2857 2912 75
span 11815081041466896232 10 2923 2970 76
span 3191599863411846963 10 2981 3024 77
span 13684297888831255388 10 3035 3076 78
span 14256927483447854816 10 3087 3134 79
span 13887202182678470905 11 547 547 20
span 189357727195039300 11 575 575 21
span 402471816048456579 11 607 607 22
span 5478241802671028249 11 632 632 23
span 2141523736518777766 11 656 656 24
span 4016786765983923322 11 686 686 25
span 16999721793825933486 11 340 340 12
span 15397756265503145788 11 477 477 16
span 15716596280965824645 11 514 514 17
span 7262369323719527992 11 375 375 13
span 17447620081526569537 11 414 414 14
span 17496450649824109598 11 446 446 15
span 7448159689369597910 11 735 1291 27
span 1263103518233368933 11 758 781 28
span 7775124864745409173 11 874 899 32
span 1330496965118470718 11 906 926 33
span 10334918898172836795 11 788 815 29
span 18188675864935554297 11 822 842 30
span 6654640715783068484 11 849 867 31
span 7559923034644703709 11 956 1008 36
span 18116032655874392539 11 1015 1075 37
span 16124194016254404591 11 1082 1128 38
span 2186459785906017253 11 1135 1172 39
span 7111088861273917960 11 1179 1235 40
span 9107128586717086349 11 1242 1283 41
span 4999405136067717190 11 1328 1361 44
span 6980903008006631270 11 1372 1413 45
span 9563570474150064113 11 1424 1451 46
span 5302223643209715330 11 1462 1487 47
span 1289193273923037287 11 1498 1535 48
span 15375880354882580832 11 1546 1575 49
span 7692280288844666406 12 535 535 20
span 6421311260228124551 12 556 556 21
span 3751718093201859078 12 586 586 22
span 2632541268671784057 12 612 612 23
span 1820721199574320363 12 640 640 24
span 12153247788725598507 12 668 668 25
span 12696484604940009848 12 362 362 13
span 2567843219841308318 12 502 502 17
span 11816880241321454532 12 334 334 12
span 13655876573657943913 12 432 432 15
span 10119174817350091835 12 467 467 16
span 5545473728415460318 12 399 399 14
span 3261552044588403134 12 717 1263 27
span 2615080553372922729 12 763 788 29
span 8994644222780472228 12 883 903 33
span 34631845537079056 12 740 756 28
span 14327140473464705167 12 823 846 31
span 2604204092319648839 12 853 876 32
span 7543605663556330064 12 795 816 30
span 7047533384985538572 12 933 971 36
span 16243361799274896918 12 978 1034 37
span 12588755707421055479 12 1041 1089 38
span 398214091514873001 12 1096 1148 39
span 15664715993060703398 12 1155 1207 40
span 9729018653979771674 12 1214 1255 41
span 4359122168616496866 12 1300 1319 44
span 5461226472670247922 12 1330 1367 45
span 5976390658874239670 12 1378 1407 46
span 15235260566411820865 12 1418 1451 47
span 7395656550487561128 12 1462 1495 48
span 9041851284208960342 12 1506 1535 49
span 6239519534735043101 13 371 371 14
span 3659263862863327382 13 403 403 15
span 16559915646619642663 13 434 434 16
span 16786745554478024617 13 253 253 9
span 7735416645650070532 13 330 330 11
span 9873851582681228810 13 292 292 10
span 7795536458985390899 13 492 836 18
span 10483951642559241293 13 515 542 19
span 2058604114561876200 13 582 611 21
span 139614761391106922 13 549 575 20
span 16336374800880609815 13 641 702 24
span 18094921291360888485 13 709 762 25
span 5017236454351766440 13 769 828 26
span 11181506687297343370 13 873 916 29
span 12289641224453785370 13 927 968 30
span 5005809957931190217 13 979 1026 31
span 16667048683428929266 14 137 1815 7
span 5997272346837154542 14 113 113 4
span 11760448431356509997 15 603 603 21
span 11260987233580283299 15 674 674 22
span 16967956174846083816 15 545 545 17
span 8894867409091431387 15 514 514 16
span 5245472375010252690 15 577 577 18
span 808832442993091742 15 483 483 15
span 3612052200558093197 15 425 425 13
span 3410993281709808138 15 456 456 14
span 17755494891742795304 15 1073 1073 29
span 2473157253195294186 15 1123 1156 30
span 4026941734326094477 15 1167 1192 31
span 13822478353859948282 15 1203 1232 32
span 15737538863210838279 15 1243 1283 33
span 15986980113717838779 15 1294 1328 34
span 12968913956491163367 15 1339 1372 35
span 888894888410619426 16 341 341 15
span 14581087808020946032 16 294 294 11
span 1156610770552877036 16 321 321 12
span 1649061630693231153 16 671 926 20
span 3374280069566314764 16 937 981 26
