hhds_srcmap 1
file 0 dino/pyrope/ImmediateGenerator.prp
filehash 0 5338560799435971103
filelines 0 23 0 102 142 183 225 267 309 351 393 435 477 584 1473 2362 3284 4172 5143 6033 6888 7457 7995 8018 8020
file 1 dino/pyrope/StageReg_4.prp
filehash 1 11134653093066362173
filelines 1 68 0 697 714 731 748 775 802 828 854 882 912 946 976 1004 1031 1061 1079 1105 1132 1158 1187 1220 1245 1270 1299 1326 1355 1381 1392 1397 1437 1499 1561 1621 1644 1661 1667 1672 1716 1780 1810 1833 1850 1856 1861 1903 1937 2013 2081 2104 2121 2127 2159 2227 2289 2293 2337 2383 2427 2477 2535 2577 2619 2669 2715 2765 2809 2811
file 2 dino/pyrope/StageReg.prp
filehash 2 16723292877472109532
filelines 2 28 0 216 233 259 276 297 315 339 359 374 385 408 434 451 464 489 533 559 567 573 578 655 698 702 742 774 796 798
file 3 dino/pyrope/PipelinedDualIssueCPU.prp
filehash 3 17979340170295442937
filelines 3 358 0 30 81 123 213 291 366 432 516 591 636 690 744 795 846 897 948 949 1346 1364 1409 1444 1483 1528 1563 1602 1622 1644 1666 1688 1730 1763 1805 1838 1878 1918 1931 1975 2019 2070 2112 2155 2176 2227 2269 2312 2333 2378 2432 2477 2531 2581 2631 2675 2728 2778 2828 2872 2925 2970 3024 3069 3123 3174 3212 3263 3301 3304 3307 3310 3313 3316 3319 3322 3325 3328 3331 3334 3337 3340 3343 3346 3349 3352 3355 3358 3361 3364 3367 3370 3373 3376 3379 3382 3385 3388 3391 3394 3397 3440 3483 3523 3544 3564 3611 3658 3679 3700 3721 3742 3763 3785 3806 3828 3850 3902 3975 4048 4101 4154 4158 4210 4244 4297 4350 4354 4388 4745 4828 4911 5596 6203 6810 6921 6967 7078 7124 7459 7515 7850 7906 9002 9083 9164 10108 10344 10413 10688 10757 11148 11217 11608 11677 12351 12434 12517 12606 12691 13365 13448 13531 13620 13705 14029 14120 14444 14535 14760 14825 14892 14963 15188 15253 15320 15391 15618 15703 15794 16021 16106 16126 16178 16269 16292 16334 16388 16392 16459 16486 16528 16597 16601 16657 16682 16724 16782 16786 16856 16885 16927 16999 17003 17064 17092 17134 17197 17201 17265 17294 17336 17402 17406 17477 17506 17548 17621 17625 17650 17699 17704 17750 17796 17844 17890 17938 17984 18023 18069 18108 18154 18172 18218 18236 18247 18265 18269 18318 18323 18371 18417 18467 18513 18563 18609 18650 18696 18737 18783 18803 18849 18869 18880 18900 18904 18953 18958 19006 19052 19072 19118 19168 19214 19264 19310 19351 19397 19438 19484 19504 19515 19535 19539 19588 19593 19641 19687 19707 19753 19803 19849 19899 19945 19986 20032 20073 20119 20139 20150 20170 20174 20192 20203 20214 20251 20258 20265 20272 20415 20434 20447 20490 20506 20514 20534 20568 20576 20582 20586 20716 20795 20945 21062 21195 21228 21267 21317 21363 21367 21446 21596 21713 21846 21902 21941 21981 22039 22043 22211 22320 22431 22601 22734 22877 23206 23252 23310 23361 23365 23466 23842 23909 23984 24045 24104 24150 24221 24279 24330 24334 24435 24804 24871 24946 25007 25066 25137 25200 25202
file 4 dino/pyrope/StageReg_8.prp
filehash 4 7817049667420168279
filelines 4 21 0 249 266 294 321 351 369 396 425 451 462 467 541 573 641 703 707 753 803 847 849
file 5 dino/pyrope/Control.prp
filehash 5 17549580833692210164
filelines 5 80 0 216 237 258 279 300 321 340 369 398 426 454 481 508 536 564 592 619 647 668 689 710 761 789 840 868 918 948 999 1027 1078 1107 1158 1187 1238 1267 1319 1348 1400 1429 1481 1511 1563 1614 1738 1769 1820 1873 1945 1997 2041 2130 2230 2402 2423 2439 2443 2519 2588 2657 2732 2799 2872 2892 2922 2938 2942 3138 3203 3227 3346 3377 3393 3397 3466 3487 3705 3757 3874 3876
file 6 dino/pyrope/ALU.prp
filehash 6 3976432345047998552
filelines 6 89 0 98 115 133 151 168 185 202 232 262 291 321 351 381 398 415 432 449 466 486 561 671 745 809 890 963 1003 1008 1046 1083 1088 1143 1170 1207 1255 1260 1834 1857 1894 1943 1948 2598 2621 2658 2707 2712 3318 3341 3378 3416 3453 3491 3528 3576 3581 4186 4209 4246 4295 4300 4911 4934 4971 4976 5057 5084 5122 5174 5212 5217 5299 5326 5364 5369 5425 5452 5490 5495 5552 5580 5618 5623 5680 5708 5719 5737 5741 5765 5767
file 7 dino/pyrope/ALUControl.prp
filehash 7 2432089495623656380
filelines 7 39 0 137 154 171 188 205 222 242 271 276 324 329 410 415 517 522 545 571 610 636 654 680 698 724 742 768 773 862 867 967 990 1016 1034 1045 1063 1067 1135 1159 1161
file 8 dino/pyrope/DualIssueForwardingUnit.prp
filehash 8 5651259125202624367
filelines 8 53 0 400 470 526 596 652 721 777 846 902 980 1072 1166 1260 1290 1361 1418 1489 1546 1616 1673 1743 1800 1881 1976 2072 2168 2198 2269 2326 2397 2454 2524 2581 2651 2708 2845 2941 3037 3067 3138 3195 3266 3323 3393 3450 3520 3577 3714 3810 3906 3936 3938
file 9 dino/pyrope/DualIssueNextPC.prp
filehash 9 751804293209648847
filelines 9 27 0 204 223 273 331 381 439 489 572 622 706 756 814 865 924 1058 1174 1276 1409 1525 1612 1697 1719 1772 1847 1868 1870
file 10 dino/pyrope/StageReg_6.prp
filehash 10 7233361211095308102
filelines 10 51 0 354 371 388 405 422 446 474 495 514 540 561 579 601 625 645 671 690 708 719 724 794 799 841 868 891 908 914 919 954 985 1008 1025 1031 1036 1076 1100 1146 1169 1186 1192 1221 1271 1275 1311 1351 1383 1427 1457 1485 1487
file 11 dino/pyrope/DualIssueHazardUnit.prp
filehash 11 13351310534348974039
filelines 11 23 0 403 422 453 480 549 620 691 762 833 904 975 1046 1117 1256 1316 1357 1408 1448 1484 1524 1556 1558
file 12 dino/pyrope/StageReg_10.prp
filehash 12 9203297993606745511
filelines 12 18 0 214 237 261 287 305 327 351 372 383 419 459 493 497 533 573 607 609
file 13 dino/pyrope/DualIssueIssueUnit.prp
filehash 13 1660029794748255713
filelines 13 75 0 182 203 222 253 284 315 345 375 406 436 459 490 521 543 565 592 651 682 741 772 830 861 920 952 1011 1043 1103 1135 1194 1226 1286 1345 1374 1434 1494 1527 1589 1622 1679 1737 1795 1854 1913 1971 2029 2086 2144 2202 2260 2318 2377 2436 2494 2552 2610 2684 2758 2820 3502 3624 3733 3772 3794 3827 3867 3871 3886 3912 3970 4011 4015 4041 4104 4106
file 14 dino/pyrope/StageReg_12.prp
filehash 14 12288936143647853869
filelines 14 14 0 183 210 240 258 287 313 324 374 418 422 472 516 518
file 15 dino/pyrope/StageReg_2.prp
filehash 15 3687491674727045555
filelines 15 57 0 344 361 378 395 412 429 446 472 494 518 542 563 581 605 625 640 662 684 704 715 720 783 788 828 848 871 888 894 899 935 964 987 1004 1010 1015 1053 1078 1101 1118 1124 1129 1167 1194 1217 1234 1240 1290 1317 1321 1361 1393 1415 1451 1487 1519 1521
file 16 dino/pyrope/DualIssueRegisterFile.prp
filehash 16 15549089919572060334
filelines 16 823 0 403 424 446 468 490 512 534 556 578 600 622 644 665 687 709 731 753 775 797 819 841 863 885 906 927 948 969 990 1011 1032 1053 1072 1090 1108 1126 1144 1162 1180 1198 1216 1234 1252 1270 1288 1306 1324 1342 1360 1378 1396 1414 1432 1450 1468 1486 1504 1522 1540 1558 1576 1594 1612 1630 1648 1666 1686 1708 1730 1752 1769 1786 1803 1820 1837 1854 1871 1888 1905 1922 1940 1958 1976 1994 2012 2030 2048 2066 2084 2102 2120 2138 2156 2174 2192 2210 2228 2246 2264 2282 2300 2318 2355 2360 2383 2417 2440 2474 2497 2531 2554 2588 2611 2645 2668 2702 2725 2759 2782 2816 2839 2873 2896 2931 2955 2990 3014 3049 3073 3108 3132 3167 3191 3226 3250 3285 3309 3344 3368 3403 3427 3462 3486 3521 3545 3580 3604 3639 3663 3698 3722 3757 3781 3816 3840 3875 3899 3934 3958 3993 4017 4052 4076 4111 4135 4146 4170 4174 4211 4216 4241 4275 4300 4334 4359 4393 4418 4452 4477 4511 4536 4570 4595 4629 4654 4688 4713 4747 4772 4807 4833 4868 4894 4929 4955 4990 5016 5051 5077 5112 5138 5173 5199 5234 5260 5295 5321 5356 5382 5417 5443 5478 5504 5539 5565 5600 5626 5661 5687 5722 5748 5783 5809 5844 5870 5905 5931 5966 5992 6027 6053 6064 6090 6094 6131 6136 6161 6195 6220 6254 6279 6313 6338 6372 6397 6431 6456 6490 6515 6549 6574 6608 6633 6667 6692 6727 6753 6788 6814 6849 6875 6910 6936 6971 6997 7032 7058 7093 7119 7154 7180 7215 7241 7276 7302 7337 7363 7398 7424 7459 7485 7520 7546 7581 7607 7642 7668 7703 7729 7764 7790 7825 7851 7886 7912 7947 7973 7984 8010 8014 8051 8056 8081 8115 8140 8174 8199 8233 8258 8292 8317 8351 8376 8410 8435 8469 8494 8528 8553 8587 8612 8647 8673 8708 8734 8769 8795 8830 8856 8891 8917 8952 8978 9013 9039 9074 9100 9135 9161 9196 9222 9257 9283 9318 9344 9379 9405 9440 9466 9501 9527 9562 9588 9623 9649 9684 9710 9745 9771 9806 9832 9867 9893 9904 9930 9934 9992 10012 10070 10092 10150 10172 10230 10252 10310 10332 10390 10412 10470 10492 10550 10572 10630 10652 10711 10734 10794 10817 10877 10901 10961 10985 11045 11069 11129 11153 11213 11237 11297 11321 11381 11405 11465 11489 11549 11573 11633 11657 11717 11741 11801 11825 11885 11909 11969 11993 12053 12077 12137 12161 12221 12245 12305 12329 12389 12413 12473 12497 12572 12624 12647 12681 12687 12712 12746 12752 12777 12811 12817 12842 12876 12882 12907 12941 12947 12972 13006 13012 13037 13071 13077 13102 13136 13142 13167 13201 13207 13232 13266 13272 13297 13332 13338 13364 13399 13405 13431 13466 13472 13498 13533 13539 13565 13600 13606 13632 13667 13673 13699 13734 13740 13766 13801 13807 13833 13868 13874 13900 13935 13941 13967 14002 14008 14034 14069 14075 14101 14136 14142 14168 14203 14209 14235 14270 14276 14302 14337 14343 14369 14404 14410 14436 14471 14477 14503 14538 14544 14570 14605 14611 14637 14672 14678 14711 14746 14752 14763 14803 14837 14850 14857 14916 14957 14993 15001 15007 15049 15083 15096 15103 15162 15203 15239 15247 15253 15295 15329 15342 15349 15408 15449 15485 15493 15499 15541 15575 15588 15595 15654 15695 15731 15739 15745 15787 15821 15834 15841 15900 15941 15977 15985 15991 16033 16067 16080 16087 16146 16187 16223 16231 16237 16279 16313 16326 16333 16392 16433 16469 16477 16483 16525 16559 16572 16579 16638 16679 16715 16723 16729 16771 16805 16818 16825 16884 16925 16961 16969 16975 17017 17051 17064 17071 17130 17171 17207 17215 17221 17263 17298 17311 17318 17378 17419 17456 17464 17470 17513 17548 17561 17568 17628 17669 17706 17714 17720 17763 17798 17811 17818 17878 17919 17956 17964 17970 18013 18048 18061 18068 18128 18169 18206 18214 18220 18263 18298 18311 18318 18378 18419 18456 18464 18470 18513 18548 18561 18568 18628 18669 18706 18714 18720 18763 18798 18811 18818 18878 18919 18956 18964 18970 19013 19048 19061 19068 19128 19169 19206 19214 19220 19263 19298 19311 19318 19378 19419 19456 19464 19470 19513 19548 19561 19568 19628 19669 19706 19714 19720 19763 19798 19811 19818 19878 19919 19956 19964 19970 20013 20048 20061 20068 20128 20169 20206 20214 20220 20263 20298 20311 20318 20378 20419 20456 20464 20470 20513 20548 20561 20568 20628 20669 20706 20714 20720 20763 20798 20811 20818 20878 20919 20956 20964 20970 21013 21048 21061 21068 21128 21169 21206 21214 21220 21263 21298 21311 21318 21378 21419 21456 21464 21470 21513 21548 21561 21568 21628 21669 21706 21714 21720 21763 21798 21811 21818 21878 21919 21956 21964 21970 22013 22048 22061 22068 22128 22169 22206 22214 22220 22263 22298 22311 22318 22378 22419 22456 22464 22470 22475 22533 22572 22607 22620 22627 22687 22728 22765 22773 22779 22783 22816 22851 22886 22921 22923
span 9302357493946869911 0 0 8019 1
span 10822114550110875842 0 104 141 2
span 12999355470683978068 0 110 112 2
span 15787610533704579223 0 144 182 3
span 5052018672297925555 0 150 153 3
span 15522674897061838530 0 185 224 4
span 11390729642066681171 0 191 195 4
span 6118081523009753207 0 227 266 5
span 8048203864573176708 0 233 237 5
span 5202919415352088186 0 269 308 6
span 8220882037298027427 0 275 279 6
span 16025078237285580730 0 311 350 7
span 2350626932166516866 0 317 321 7
span 4387327225931849721 0 353 392 8
span 11345331834705078578 0 359 363 8
span 14280151095966635434 0 395 434 9
span 16697547515924656943 0 401 405 9
span 7532150593291740916 0 437 476 10
span 12514997214189268772 0 443 447 10
span 3629364177995599312 0 479 583 11
span 14958728330147205345 0 496 583 11
span 11343612811250602743 0 483 489 11
span 5095918097760624180 0 586 1472 12
span 3321322241574815542 0 603 1472 12
span 12784117934973099458 0 590 596 12
span 13534430112766724752 0 1475 2361 13
span 2869641233427314416 0 1492 2361 13
span 10838149701020981179 0 1479 1485 13
span 16679533798679973210 0 2364 3283 14
span 10315123087567490532 0 2381 3283 14
span 14431962824392796716 0 2368 2374 14
span 14571673825535109832 0 3286 4171 15
span 11892499395309963395 0 3303 4171 15
span 7919934930406842433 0 3290 3296 15
span 8961230528077024534 0 4174 5142 16
span 1033570442267472854 0 4191 5142 16
span 2965968204741497663 0 4178 4184 16
span 12019168235706158420 0 5145 6032 17
span 1666577833187569784 0 5162 6032 17
span 17715731375982204597 0 5149 5155 17
span 11301330973635942831 0 6035 6887 18
span 13621937236596955137 0 6052 6887 18
span 10352899762042368462 0 6039 6045 18
span 14933029575024826524 0 6890 7456 19
span 17807813041383914573 0 6907 7456 19
span 17717320392343880645 0 6894 6900 19
span 11711677331357661662 0 7459 7994 20
span 5979498536861013105 0 7477 7994 20
span 17191299088151218774 0 7463 7470 20
span 4815854525602266080 0 7997 8007 21
span 3397342813347496231 1 0 2810 1
span 17138065369880119468 1 703 709 2
span 8243599498745443902 1 720 726 3
span 15781715607639620782 1 737 743 4
span 12515491122691061524 1 754 771 5
span 1091073042552512998 1 781 798 6
span 1578696318662214303 1 808 824 7
span 8878102274914596035 1 834 850 8
span 7148513081129248777 1 860 878 9
span 12103470556456114101 1 888 908 10
span 11486213211269188560 1 918 942 11
span 10191764139032538226 1 952 972 12
span 17219642839728348529 1 982 1000 13
span 6448794533605787428 1 1010 1027 14
span 6464775608653304028 1 1037 1057 15
span 16416997502142076147 1 1063 2292 16
span 9680868283723849068 1 1083 1100 17
span 3450438477298764130 1 1109 1127 18
span 12184331876138329554 1 1136 1153 19
span 12391959508049323124 1 1162 1182 20
span 4470918838178388817 1 1191 1215 21
span 16920953255407937561 1 1224 1240 22
span 532624021088689284 1 1249 1265 23
span 219616180259378303 1 1274 1294 24
span 17635585840535891520 1 1303 1321 25
span 17639645872882641764 1 1330 1350 26
span 7218587552640557452 1 1359 1376 27
span 3289422904448320512 1 1401 1436 30
span 4643019809626278246 1 1441 1498 31
span 8113879785173142941 1 1503 1560 32
span 10592034147977423394 1 1565 1620 33
span 10986104742425643251 1 1625 1666 34
span 10738414724097834594 1 1401 1407 30
span 17593667546353682328 1 1441 1458 31
span 8156896230593665327 1 1503 1520 32
span 4001950772486475082 1 1565 1581 33
span 13963830719751831875 1 1650 1656 35
span 12623387723608075393 1 1676 1715 38
span 8825468295016953027 1 1720 1779 39
span 16860069974152056811 1 1814 1855 41
span 12263452017061622892 1 1676 1682 38
span 11837094989731545656 1 1720 1738 39
span 39466239929083014 1 1784 1800 40
span 3199974373446691125 1 1839 1845 42
span 2765961995265024824 1 1865 1902 45
span 82587512312014930 1 1941 2012 47
span 6345733449296669750 1 2017 2080 48
span 3061882032531655735 1 2085 2126 49
span 15283952977673629797 1 1865 1871 45
span 13435169435710924981 1 1907 1927 46
span 10068145282072827101 1 1941 1965 47
span 9526923628510828486 1 2017 2037 48
span 10884590385860698126 1 2110 2116 50
span 15578454463358634849 1 2163 2226 53
span 4999528521655212017 1 2231 2288 54
span 10339045542909490836 1 2131 2149 52
span 15905816858336906179 1 2163 2183 53
span 7366630680498773485 1 2231 2248 54
span 3467608596701871398 1 2295 2316 56
span 4305096987893344109 1 2339 2361 57
span 9492292059282224532 1 2385 2406 58
span 3435873576518890982 1 2429 2453 59
span 12430077040518892301 1 2479 2507 60
span 1336642505295380547 1 2537 2557 61
span 2531735156394090513 1 2579 2599 62
span 16321358206460374667 1 2621 2645 63
span 12304048304345022330 1 2671 2693 64
span 15320027781637286303 1 2717 2741 65
span 6018377462447935231 1 2767 2788 66
span 11973420415825488609 2 0 797 1
span 17907032362462642774 2 222 228 2
span 296702858164583101 2 239 254 3
span 7629527463396239859 2 265 271 4
span 700923776016245198 2 282 293 5
span 7313082024194882869 2 299 701 6
span 10737598034215838209 2 319 334 7
span 8242602294931766349 2 343 354 8
span 2734204408494991860 2 363 369 9
span 14204153543571832181 2 389 572 11
span 2474674267269597029 2 414 429 12
span 2352662309280797309 2 440 446 13
span 12868325105938288560 2 470 566 15
span 16477186129531147538 2 497 512 16
span 4769406533236603215 2 541 547 17
span 11817110997298743530 2 582 654 21
span 14737874788455964373 2 591 654 21
span 7263956535237796941 2 659 697 22
span 16325943987629007820 2 582 588 21
span 3480898611539529416 2 659 670 22
span 9766449031981337322 2 704 723 24
span 3788393679753065478 2 744 759 25
span 7783471559533236325 2 776 786 26
span 9527955505062773196 3 949 25201 18
span 14808098740632037704 3 1352 1359 19
span 6387387052582543491 3 1370 1404 20
span 11116070494629813132 3 1415 1439 21
span 14331479120436640294 3 1450 1478 22
span 760697772102160655 3 1489 1523 23
span 15759875338324659580 3 1534 1558 24
span 15456658210075660530 3 1569 1597 25
span 15398365018988430831 3 1608 1617 26
span 7428025442523282819 3 1628 1639 27
span 4290593673424735068 3 1650 1661 28
span 8299068321968930883 3 1672 1683 29
span 4630591466908372460 3 1694 1725 30
span 12046525184322280532 3 1736 1758 31
span 5582346085782909862 3 1769 1800 32
span 1043886650320584414 3 1811 1833 33
span 1732733012688102585 3 1845 1873 34
span 3421597354053568901 3 1885 1913 35
span 14322150472270207198 3 1924 1926 36
span 1828605636577078481 3 1938 1970 37
span 10514167137319917815 3 1982 2014 38
span 5147438719724858754 3 2026 2066 39
span 1289881939099984006 3 2077 2107 40
span 13396369750572743123 3 2119 2150 41
span 4908046400472226791 3 2161 2167 42
span 15084562993580613242 3 2183 2223 43
span 9950116259200374388 3 2234 2264 44
span 5904003747029368270 3 2276 2307 45
span 6070202135261234346 3 2318 2324 46
span 1271350931474452455 3 2340 2373 47
span 15871083617627372278 3 2385 2428 48
span 16691061280738571183 3 2439 2472 49
span 1401955155510743703 3 2484 2527 50
span 6327042643227101881 3 2538 2577 51
span 5525099381889686008 3 2588 2627 52
span 3204199191807850072 3 2638 2670 53
span 9282998827583809205 3 2682 2724 54
span 4147102331356828965 3 2735 2774 55
span 2764836649952194072 3 2785 2824 56
span 9182028533940017686 3 2835 2867 57
span 10869499982302674204 3 2879 2921 58
span 18259841271211963395 3 2932 2965 59
span 2096069638439829041 3 2977 3020 60
span 14252813208022078621 3 3031 3064 61
span 3896724589699001395 3 3076 3119 62
span 830528526508681202 3 3130 3170 63
span 5998319503574065756 3 3181 3208 64
span 1850926817609414040 3 3219 3259 65
span 17379807414908829167 3 3270 3297 66
span 1182094351053712461 3 3404 3435 99
span 17107355938852538869 3 3447 3478 100
span 14381606719738758502 3 3490 3519 101
span 16345507949714201539 3 3529 3535 102
span 3970980353740467866 3 3550 3556 103
span 10015194004511839647 3 3571 3606 104
span 16861258686216941907 3 3618 3653 105
span 14120369602951566125 3 3664 3670 106
span 12055123452327976539 3 3685 3692 107
span 1277332859465410425 3 3706 3713 108
span 13172454291833232746 3 3727 3734 109
span 6829194865617066137 3 3748 3755 110
span 6771578863528895700 3 3769 3776 111
span 12900725520465042575 3 3791 3798 112
span 16752050070251337630 3 3812 3819 113
span 5303296616148850523 3 3834 3841 114
span 327894641214157512 3 3852 3901 115
span 6607390436084378312 3 3852 3858 115
span 2762152636775995250 3 3904 3974 116
span 7257304505212267551 3 3904 3935 116
span 11494986403616219717 3 3977 4047 117
span 13702228814823411498 3 3977 4008 117
span 3267914520730885198 3 4050 4157 118
span 13295095195547761268 3 4105 4153 119
span 7878724677885336648 3 4105 4111 119
span 5604020192247632036 3 4160 4209 121
span 12529674344733628308 3 4160 4166 121
span 12100523076636915545 3 4212 4234 122
span 12812787105484874981 3 4246 4353 123
span 18105614371472626071 3 4301 4349 124
span 15018247167170373347 3 4301 4307 124
span 5082324286817692420 3 4356 4378 126
span 10152257900028934079 3 4635 4744 127
span 10081638303530753909 3 4390 4744 127
span 6374807499536496860 3 4395 4415 127
span 11801490247791861895 3 4448 4472 127
span 13475496901926964641 3 4509 4533 127
span 3761140545403127470 3 4570 4595 127
span 14422213992765675 3 4747 4827 128
span 13976146614594626967 3 4760 4827 128
span 8432318703763236393 3 4751 4757 128
span 17966147243904657894 3 4830 4910 129
span 15920760288003865789 3 4843 4910 129
span 10974240733264786070 3 4834 4840 129
span 13678546064999639093 3 4913 5595 130
span 2181778292559945210 3 4929 5595 130
span 16972860483669909325 3 4917 4926 130
span 8739332932515659842 3 5598 6202 131
span 4313482296708895231 3 6119 6202 131
span 14695597430834432865 3 5603 5626 131
span 17933678394390118530 3 5647 5670 131
span 14908137021311996242 3 5691 5713 131
span 1702753515045680862 3 5733 5755 131
span 10712798945082582334 3 5775 5799 131
span 10367931675242353706 3 5821 5847 131
span 15976025466488873487 3 5871 5901 131
span 10870482188220875935 3 5929 5952 131
span 6963103053660401346 3 5973 5996 131
span 18428109220934994051 3 6017 6043 131
span 4739082215709168805 3 6067 6093 131
span 16199546343166030105 3 6205 6809 132
span 2238607058033165602 3 6726 6809 132
span 8131290948445644152 3 6210 6233 132
span 5221055670139108236 3 6254 6277 132
span 5857213109597634360 3 6298 6320 132
span 12862335091163599203 3 6340 6362 132
span 7600150329584954229 3 6382 6406 132
span 4556254535311704272 3 6428 6454 132
span 10976580677480454363 3 6478 6508 132
span 10670401687158120898 3 6536 6559 132
span 7389337112319170398 3 6580 6603 132
span 17740397457767326485 3 6624 6650 132
span 17838185107358952925 3 6674 6700 132
span 1465190708352999924 3 6831 6920 133
span 3584399656183775229 3 6816 6828 133
span 1503991022821481503 3 6923 6951 134
span 15488938147516142380 3 6988 7077 135
span 7683515248243379418 3 6973 6985 135
span 3799129899723184029 3 7080 7108 136
span 17966414045635851266 3 7126 7458 137
span 15282290431287130857 3 7149 7458 137
span 944379987872774614 3 7130 7146 137
span 14093922465688048224 3 7461 7495 138
span 16698401415058928019 3 7517 7849 139
span 11200671909114253406 3 7540 7849 139
span 14620296212395788178 3 7521 7537 139
span 6527408754268991198 3 7852 7886 140
span 10858325395514227855 3 7908 9001 141
span 16793678048171763019 3 8215 9001 141
span 14870328533998638612 3 7913 7942 141
span 15301545917769984608 3 7988 8017 141
span 4695014418379054616 3 8063 8092 141
span 15579801741402746144 3 8138 8167 141
span 15716364449995784238 3 9004 9082 142
span 13222757103345401257 3 9017 9082 142
span 15182852691319404038 3 9008 9014 142
span 11177232615156479990 3 9085 9163 143
span 10257319227605004201 3 9098 9163 143
span 3204778639495933756 3 9089 9095 143
span 275355778554651820 3 9166 10107 144
span 3825002370430210812 3 9533 10107 144
span 12330211425577035136 3 9171 9193 144
span 7405004660441605491 3 9232 9250 144
span 6186367018217249744 3 9285 9307 144
span 14146687088091182145 3 9346 9368 144
span 15248968869223325376 3 9407 9430 144
span 14048542271229030946 3 9470 9492 144
span 14440566301789567618 3 10110 10343 145
span 1457723905789708593 3 10128 10343 145
span 12521042272507448779 3 10114 10125 145
span 11249375839121111330 3 10346 10412 146
span 10289684746207499074 3 10415 10687 147
span 6842257379309346543 3 10346 10378 146
span 8991617052273948356 3 10433 10687 147
span 15876025779232910587 3 10419 10430 147
span 3845586202209051182 3 10690 10756 148
span 10203232159264518028 3 10690 10722 148
span 1356358634111356252 3 10759 11147 149
span 9382610528167582795 3 10777 11147 149
span 17215971644676352903 3 10763 10774 149
span 14574699044745340656 3 11150 11216 150
span 5508692861194534544 3 11150 11182 150
span 8790078747150557320 3 11219 11607 151
span 12942638243611349439 3 11237 11607 151
span 17876982827114037276 3 11223 11234 151
span 16908689322988956498 3 11610 11676 152
span 18213657624007795836 3 11610 11642 152
span 3675718809293704494 3 11702 12350 153
span 3343246455819750516 3 11683 11699 153
span 1407569929460407045 3 12353 12433 154
span 16092595038364835162 3 12353 12392 154
span 12773368453909678119 3 12436 12516 155
span 9323531941027185610 3 12436 12475 155
span 7540694628710858604 3 12519 12605 156
span 13200973329755407751 3 12519 12561 156
span 3417623495202505820 3 12608 12690 157
span 7221029451984909387 3 12608 12648 157
span 16285855905690461722 3 12716 13364 158
span 16575167269992340490 3 12697 12713 158
span 16702926426472659413 3 13367 13447 159
span 14577846136228063653 3 13367 13406 159
span 2951301236624654186 3 13450 13530 160
span 1569864467079634741 3 13450 13489 160
span 16821607045438694945 3 13533 13619 161
span 15007916451382677219 3 13533 13575 161
span 15885270708372396644 3 13622 13704 162
span 7994031687645959531 3 13622 13662 162
span 6255384028040314110 3 13707 14028 163
span 6932146362931165485 3 13731 14028 163
span 17052419589710999693 3 13711 13728 163
span 14991462576695922079 3 14031 14119 164
span 13064420269842279430 3 14031 14074 164
span 13354652980339586328 3 14122 14443 165
span 13138453975542222099 3 14146 14443 165
span 14009289765893069162 3 14126 14143 165
span 15210963826434804238 3 14446 14534 166
span 8115035118352092152 3 14446 14489 166
span 11864624269991342331 3 14556 14759 167
span 13567511417213104153 3 14541 14553 167
span 254961900099353054 3 14762 14824 168
span 18079474918475198043 3 14762 14792 168
span 15159193523922387268 3 14827 14891 169
span 17652999727008214671 3 14827 14858 169
span 662144868339960712 3 14894 14962 170
span 12615390161877799321 3 14894 14927 170
span 17788912263174934571 3 14984 15187 171
span 193347179860737047 3 14969 14981 171
span 15202164393197277305 3 15190 15252 172
span 13843147770224617836 3 15190 15220 172
span 10300858820681451799 3 15255 15319 173
span 15123261079796026704 3 15255 15286 173
span 6527155042903677361 3 15322 15390 174
span 12863681489467175979 3 15322 15355 174
span 17872222747163890308 3 15393 15617 175
span 14500507274088617421 3 15417 15617 175
span 16422572473142896004 3 15397 15414 175
span 14362677024736377840 3 15620 15702 176
span 8480099331081497104 3 15620 15660 176
span 5821108629958484758 3 15705 15793 177
span 10974256019825282104 3 15705 15748 177
span 5474563775305798749 3 15796 16020 178
span 8592730774335103560 3 15820 16020 178
span 18437455127537153240 3 15800 15817 178
span 11593312020289593207 3 16023 16105 179
span 15812698832198746423 3 16108 16121 180
span 16454830665416274444 3 16128 16177 181
span 14181347298219284979 3 16128 16134 181
span 15255839762754547461 3 16023 16063 179
span 7797550179233342297 3 16180 16268 182
span 3194069578538332004 3 16294 16391 184
span 11136282682113760881 3 16180 16223 182
span 7924457074292847034 3 16271 16286 183
span 3013644902105084641 3 16338 16387 185
span 4850860885355772397 3 16338 16344 185
span 6425508624236157112 3 16394 16458 187
span 3890402548329809524 3 16394 16400 187
span 165687596821459440 3 16488 16600 189
span 16271783278854113727 3 16461 16476 188
span 3162970185172338123 3 16532 16596 190
span 12039365149820473757 3 16532 16538 190
span 17751936727472950418 3 16603 16656 192
span 13263864093491189325 3 16603 16609 192
span 2814185663430906320 3 16684 16785 194
span 6846292776223917222 3 16659 16672 193
span 7655840829084786728 3 16728 16781 195
span 2111643045961633055 3 16728 16734 195
span 17770349824792503891 3 16788 16855 197
span 6789315198310593882 3 16788 16795 197
span 1653290097348563404 3 16887 17002 199
span 8276794756804856600 3 16858 16875 198
span 1009419133889201779 3 16931 16998 200
span 18017913811641214123 3 16931 16938 200
span 4552505076406910433 3 17005 17063 202
span 15537573924496803312 3 17005 17012 202
span 11476253555877030881 3 17094 17200 204
span 3354185791310124406 3 17066 17081 203
span 2833025060119509343 3 17138 17196 205
span 16062537937109084279 3 17138 17145 205
span 12259718315559801776 3 17203 17264 207
span 18111852794612382680 3 17203 17210 207
span 13657620218103365378 3 17296 17405 209
span 8657766990394969653 3 17267 17283 208
span 14499359136339555514 3 17340 17401 210
span 7459880886594916417 3 17340 17347 210
span 15487869721536311875 3 17408 17476 212
span 16889751280920133656 3 17408 17415 212
span 14457600368782889443 3 17508 17624 214
span 161855591721361770 3 17479 17495 213
span 18089026453675481328 3 17552 17620 215
span 10941348376246950164 3 17552 17559 215
span 3538208735958221893 3 17652 18268 218
span 565847162432019889 3 17627 17639 217
span 17973973744183750652 3 17708 17749 220
span 413156607895799463 3 17708 17717 220
span 5212535573952038045 3 17800 17809 222
span 9072495205137169868 3 17894 17903 224
span 2591255271417062129 3 17988 17997 226
span 7665489138423264152 3 18073 18082 228
span 7305111990904682877 3 18158 18167 230
span 13580153886116434902 3 18222 18231 232
span 11624884769954318577 3 18251 18260 234
span 886348895657815149 3 18271 18903 236
span 14409039195465513741 3 18327 18370 238
span 18177622389326948494 3 18327 18338 238
span 7900852931240372091 3 18421 18432 240
span 13674385209436453497 3 18517 18528 242
span 18197338371404400161 3 18613 18624 244
span 5990556153380797336 3 18700 18711 246
span 3036355688397340895 3 18787 18798 248
span 5521116079671803751 3 18853 18864 250
span 12698625081855819431 3 18884 18895 252
span 9288471396413470122 3 18906 19538 254
span 13135006942680809111 3 18962 19005 256
span 11038582668654261853 3 18962 18973 256
span 12528290212223736492 3 19056 19067 258
span 6151403117045186691 3 19122 19133 260
span 6655370796349670676 3 19218 19229 262
span 15589209962108645418 3 19314 19325 264
span 511006529971177765 3 19401 19412 266
span 16288720129106844231 3 19488 19499 268
span 4271202194236753717 3 19519 19530 270
span 9085199392695900498 3 19541 20173 272
span 7669472612833961471 3 19597 19640 274
span 9009809954812216840 3 19597 19608 274
span 2422951874966099003 3 19691 19702 276
span 14094759299822931852 3 19757 19768 278
span 1195466984626299712 3 19853 19864 280
span 13698005083818400055 3 19949 19960 282
span 6680498231501896043 3 20036 20047 284
span 15972254350385199503 3 20123 20134 286
span 4030693370515671737 3 20154 20165 288
span 1691323917581218795 3 20176 20585 290
span 15897326834808809618 3 20196 20198 291
span 15142219076847482275 3 20218 20581 293
span 16283240572503657575 3 20278 20414 297
span 7063852255933226784 3 20288 20414 297
span 4919197789997929440 3 20278 20285 297
span 14836667529230744996 3 20421 20423 298
span 6795353763524204840 3 20453 20489 300
span 11853451260530000660 3 20459 20463 300
span 2104525556499741865 3 20496 20513 301
span 10576689267757272805 3 20520 20575 303
span 8304257297345558137 3 20542 20544 304
span 16620368550055143939 3 20588 20715 308
span 5487932721870706012 3 20606 20715 308
span 13089883230946524829 3 20592 20599 308
span 14475843946836175762 3 20718 20794 309
span 13139480119337296399 3 20732 20794 309
span 8702077086654739142 3 20722 20729 309
span 6620037340975720908 3 20797 20944 310
span 2050330490205870665 3 20815 20944 310
span 3520172109877709592 3 20801 20808 310
span 6147509038915454642 3 20947 21061 311
span 10923361752459381176 3 20965 21061 311
span 8652192595590929136 3 20951 20958 311
span 12045750428972873752 3 21080 21194 312
span 5188795140324578452 3 21068 21077 312
span 14824880286834271265 3 21197 21227 313
span 7353809237073893026 3 21197 21204 313
span 13523580589785103681 3 21230 21254 314
span 205454546796713641 3 21269 21366 315
span 17999577410288575539 3 21321 21362 316
span 14292003010627716276 3 21321 21328 316
span 953999228077639990 3 21369 21445 318
span 12974026053750462148 3 21383 21445 318
span 393588137324817455 3 21373 21380 318
span 90183248920596336 3 21448 21595 319
span 10828590245175949320 3 21466 21595 319
span 9921013001221452095 3 21452 21459 319
span 6156607249996453680 3 21598 21712 320
span 12253720654500566978 3 21616 21712 320
span 6108112444305992207 3 21602 21609 320
span 6903626330909541891 3 21731 21845 321
span 13950171635750710914 3 21719 21728 321
span 6438244971554794323 3 21848 21901 322
span 16130824306564713050 3 21848 21855 322
span 12206437324134157038 3 21904 21928 323
span 17140803491581663686 3 21943 22042 324
span 5081519019882008745 3 21985 22038 325
span 18345513680337213025 3 21985 21992 325
span 16179950480231437237 3 22045 22210 327
span 2344765564620175074 3 22062 22210 327
span 4932475406193964859 3 22049 22056 327
span 2803461518878740063 3 22213 22319 328
span 1505287078447529641 3 22231 22319 328
span 2555081234652540558 3 22217 22224 328
span 18080921718310926459 3 22322 22430 329
span 4932814011387961722 3 22340 22430 329
span 7708689251638581202 3 22326 22333 329
span 10986643188394986440 3 22433 22600 330
span 9844236164215699518 3 22450 22600 330
span 11553366561620654637 3 22437 22444 330
span 4829476941129273275 3 22603 22733 331
span 14325953027151748052 3 22621 22733 331
span 16982467788976823109 3 22607 22614 331
span 10960262524478758661 3 22736 22876 332
span 17972407235437592986 3 22754 22876 332
span 14914404776032173039 3 22740 22747 332
span 11521619486298670264 3 22879 23205 333
span 802674230806207472 3 22984 23205 333
span 3666891454604501030 3 22884 22904 333
span 18046325408334897451 3 22934 22953 333
span 8270702119942754049 3 23208 23251 334
span 12111479595329910685 3 23208 23215 334
span 7385984498681156818 3 23254 23364 335
span 5679373216715853150 3 23314 23360 336
span 17662021679952623062 3 23314 23321 336
span 10724266259331197380 3 23367 23465 338
span 16025143275829747599 3 23385 23465 338
span 17004428630811057020 3 23371 23378 338
span 10577142520933719595 3 23468 23841 339
span 7431736020063565166 3 23487 23841 339
span 11570232657342010248 3 23472 23484 339
span 17405897325033851745 3 23844 23908 340
span 14798472965051697802 3 23844 23875 340
span 15255170627315032247 3 23911 23983 341
span 13799638019699496748 3 23911 23946 341
span 5605027049926929094 3 23986 24044 342
span 1098426056383335911 3 23986 24014 342
span 199786874291009802 3 24047 24103 343
span 11203510257468885591 3 24106 24149 344
span 2664787261342241092 3 24106 24113 344
span 13735778200695441672 3 24047 24074 343
span 12836837012021458029 3 24152 24220 345
span 12044784322841832442 3 24152 24185 345
span 10536154306677278274 3 24223 24333 346
span 8845384338146882780 3 24283 24329 347
span 17349653461349316069 3 24283 24290 347
span 18140243467672111155 3 24336 24434 349
span 17412133137023499100 3 24354 24434 349
span 5171391444277906086 3 24340 24347 349
span 16957338339082173429 3 24437 24803 350
span 1782340652225125645 3 24456 24803 350
span 7713064848271439482 3 24441 24453 350
span 1690065610503306328 3 24806 24870 351
span 10713592076604302705 3 24806 24837 351
span 8030397865339714356 3 24873 24945 352
span 7927230618414226975 3 24873 24908 352
span 4657789759120291152 3 24948 25006 353
span 17783467048100653746 3 24948 24976 353
span 12933701874484172425 3 25009 25065 354
span 6062830008055585370 3 25009 25036 354
span 17368961114558966647 3 25068 25136 355
span 18303148492121716782 3 25068 25101 355
span 676108541585445837 3 25139 25199 356
span 15158432968000775467 3 25139 25168 356
span 15809705837585451095 4 0 848 1
span 6789027710093085151 4 255 261 2
span 5555254990614485877 4 272 290 3
span 2647927871081980872 4 300 317 4
span 5858191702803945604 4 327 347 5
span 14836572968210144959 4 353 706 6
span 7697782409949555676 4 373 391 7
span 7854407923781787255 4 400 420 8
span 2992994175762030209 4 429 446 9
span 3678214098652549971 4 471 540 12
span 16991522510213115577 4 480 540 12
span 301474429532257520 4 471 477 12
span 13132154123405161728 4 577 640 14
span 6672975375515694888 4 645 702 15
span 5874437951164600422 4 545 563 13
span 15952681437901114478 4 577 597 14
span 5562150384062844312 4 645 662 15
span 1568054886523478090 4 709 731 17
span 7168191815308394411 4 755 779 18
span 17095956283864941155 4 805 826 19
span 8830846622471298031 5 0 3875 1
span 11954624149339880935 5 222 232 2
span 14174246812688014600 5 243 253 3
span 17702853604447937897 5 264 274 4
span 10509804960196492436 5 285 295 5
span 16045203656282885498 5 306 316 6
span 6734879668508596462 5 327 335 7
span 6828096269921530822 5 346 364 8
span 12522494609155052208 5 375 393 9
span 2493025478431393098 5 404 421 10
span 11008235650796620899 5 432 449 11
span 10144782155659233706 5 460 476 12
span 5797271872680650493 5 487 503 13
span 265412615747501872 5 514 531 14
span 10143935930984117559 5 542 559 15
span 12071926441023003303 5 570 587 16
span 4899367347194980022 5 598 614 17
span 13862596856926575035 5 625 642 18
span 1162318428466821311 5 653 660 19
span 2076053687563359432 5 674 681 20
span 3861394836348251546 5 695 702 21
span 14973453168918952294 5 712 760 22
span 5450463274735094949 5 725 760 22
span 717582077167854688 5 716 722 22
span 14953904063558786920 5 763 779 23
span 6392371281057184556 5 791 839 24
span 7678703679725222892 5 804 839 24
span 6606835493178645552 5 795 801 24
span 318885404015772634 5 842 858 25
span 16550102454169265721 5 870 917 26
span 9343536811603715206 5 883 917 26
span 9577237776786843889 5 874 880 26
span 11317741204853975202 5 920 938 27
span 6858157013878383387 5 950 998 28
span 7441377388020666507 5 963 998 28
span 8104564031907968869 5 954 960 28
span 16138303590731787096 5 1001 1017 29
span 13320601234309673383 5 1029 1077 30
span 2173993837686269639 5 1042 1077 30
span 14213238820487989499 5 1033 1039 30
span 17463860546573689104 5 1080 1097 31
span 8217393787641678997 5 1109 1157 32
span 7593646383478601023 5 1122 1157 32
span 4488695889317047738 5 1113 1119 32
span 10089847611504198712 5 1160 1177 33
span 14221204077168099604 5 1189 1237 34
span 7465397568231889918 5 1202 1237 34
span 4990713796756588696 5 1193 1199 34
span 16466900519043288105 5 1240 1257 35
span 13947411366991714597 5 1269 1318 36
span 15444668961082976011 5 1282 1318 36
span 3211741849490480285 5 1273 1279 36
span 2984814994842304685 5 1321 1338 37
span 1124558439124492880 5 1350 1399 38
span 1052192012486368855 5 1363 1399 38
span 18382644962045011332 5 1354 1360 38
span 7087143250192908176 5 1402 1419 39
span 12762714034352195918 5 1431 1480 40
span 14116853484798086586 5 1445 1480 40
span 4677249749117583863 5 1435 1442 40
span 5445279768267327964 5 1483 1500 41
span 5332021432961344101 5 1513 1562 42
span 17334285679030965055 5 1527 1562 42
span 15988334779145066576 5 1517 1524 42
span 828644220582532085 5 1565 1613 43
span 17477184253678336272 5 1565 1573 43
span 6040139490605724937 5 1616 1737 44
span 361461140967828655 5 1616 1626 44
span 2866595126949619628 5 1740 1758 45
span 11680005059004877303 5 1771 1819 46
span 10797171022844438081 5 1771 1781 46
span 1797834919574035992 5 1822 1872 47
span 8498584799788505963 5 1822 1832 47
span 12637960226892410849 5 1875 1944 48
span 1241196264889046229 5 1875 1885 48
span 9725497157382667475 5 1947 1996 49
span 15156756705940296194 5 1947 1957 49
span 2705955262628147860 5 1999 2040 50
span 5483187207762616360 5 1999 2006 50
span 18054899656559427764 5 2043 2129 51
span 13495592005266339873 5 2132 2229 52
span 8950031607982049394 5 2232 2401 53
span 3900154620956404755 5 2404 2442 54
span 13759570448647889409 5 2043 2051 51
span 15075802635034347426 5 2132 2140 52
span 1894171077080792691 5 2232 2239 53
span 6016718976991033414 5 2427 2434 55
span 16137319552000768120 5 2445 2518 57
span 17775808823953895891 5 2462 2518 57
span 13772668243504644277 5 2449 2456 57
span 3315334296305942675 5 2521 2587 58
span 17275018556146039522 5 2538 2587 58
span 14100891832255188913 5 2525 2532 58
span 11338057991261644146 5 2590 2656 59
span 17318364333978848215 5 2607 2656 59
span 18093885180604292340 5 2594 2601 59
span 14801677803607801389 5 2659 2731 60
span 6215933145980270208 5 2676 2731 60
span 5634082131669565471 5 2663 2670 60
span 17963179869132509042 5 2734 2798 61
span 72808203351271005 5 2734 2741 61
span 1007370858441749672 5 2801 2871 62
span 15580492652062106042 5 2894 2941 64
span 11753706527852668353 5 2801 2810 62
span 10194456160069519403 5 2874 2881 63
span 1611903494627312269 5 2926 2933 65
span 16918880212447277649 5 2944 3137 67
span 5921785990641156512 5 2961 3137 67
span 2128951013654829466 5 2948 2955 67
span 12480080365056285502 5 3140 3202 68
span 1385430957273070727 5 3140 3147 68
span 3129509837182086878 5 3229 3345 70
span 8867892960333483242 5 3348 3396 71
span 3910240924910164992 5 3205 3216 69
span 2139537616233979677 5 3229 3244 70
span 7357125657182636565 5 3381 3388 72
span 199698334894219002 5 3399 3465 74
span 243368076566077574 5 3416 3465 74
span 2828172799804064285 5 3403 3410 74
span 10658427458157934694 5 3489 3704 76
span 11538394328133779029 5 3707 3756 77
span 922709164755176516 5 3759 3873 78
span 7298089298814960879 5 3468 3476 75
span 14128015049032290534 5 3489 3500 76
span 12871378174226355855 5 3707 3715 77
span 10676219173087808739 5 3759 3770 78
span 12217716293144240667 6 0 5766 1
span 2997566720198832960 6 104 110 2
span 14642157297365197227 6 121 128 3
span 3965607339813530688 6 139 146 4
span 8679638351663587789 6 157 163 5
span 288696769287869883 6 174 180 6
span 798466234677699782 6 191 197 7
span 10547025637587676943 6 208 227 8
span 3454891635284736938 6 238 257 9
span 16912535802307540241 6 268 286 10
span 2590288687759939334 6 297 316 11
span 3607595226143306216 6 327 346 12
span 6784301435591501821 6 357 376 13
span 15330122820419729280 6 387 393 14
span 12233989952245282098 6 404 410 15
span 1192425156975851329 6 421 427 16
span 18368112550408114684 6 438 444 17
span 10420396602561273324 6 455 461 18
span 17712413563379818069 6 472 481 19
span 7241859745875596071 6 488 560 20
span 16453137752833046069 6 488 507 20
span 16994643465582281567 6 563 670 21
span 853660463670703074 6 563 582 21
span 17429125370044975629 6 673 744 22
span 4625223903437942026 6 673 691 22
span 4998268966100463718 6 747 808 23
span 5390024292204575836 6 747 766 23
span 8170194078773495929 6 811 889 24
span 4319142285336939731 6 811 830 24
span 11221090047854386285 6 892 962 25
span 8447259736529351051 6 892 911 25
span 3651111076133385612 6 965 5740 26
span 12737795068560646221 6 1012 1045 28
span 15317527086661136041 6 1012 1021 28
span 11699942312457932530 6 1092 1142 31
span 4194806765520651955 6 1101 1142 31
span 16600032469800366045 6 1092 1098 31
span 13343958887414624969 6 1147 1169 32
span 16893294696903417550 6 1147 1156 32
span 9692575285255894710 6 1211 1254 34
span 5782963941683820150 6 1217 1220 34
span 13963240724426318973 6 1264 1833 36
span 17889958611134722645 6 1273 1833 36
span 17366001969159460166 6 1264 1270 36
span 16434869121724355202 6 1838 1847 37
span 15742474256804407922 6 1898 1942 39
span 6058630126606956252 6 1904 1908 39
span 12663513560533191123 6 1952 2597 41
span 10806632286694474204 6 1961 2597 41
span 10675332086980661987 6 1952 1958 41
span 8911904984153560936 6 2602 2611 42
span 330793932318265424 6 2662 2706 44
span 2708121738133504625 6 2668 2672 44
span 4023735588664949325 6 2716 3317 46
span 1021661168736976814 6 2725 3317 46
span 12526986176661983915 6 2716 2722 46
span 14366140426593734431 6 3322 3331 47
span 13300220373734650418 6 3382 3415 49
span 6830655329625898555 6 3382 3391 49
span 3934280725277058189 6 3457 3490 51
span 15088282901367836386 6 3457 3466 51
span 2351528639969439676 6 3532 3575 53
span 3023688174778495055 6 3538 3542 53
span 5732250619923438743 6 3585 4185 55
span 1172531489286772682 6 3594 4185 55
span 14752283080138068739 6 3585 3591 55
span 11320094322469635780 6 4190 4199 56
span 17759512404846356722 6 4250 4294 58
span 9053095376984172822 6 4256 4260 58
span 11030290680848233003 6 4304 4910 60
span 586568385208841272 6 4313 4910 60
span 16460132937099554497 6 4304 4310 60
span 13411346632474766317 6 4915 4924 61
span 7050568181744310466 6 4980 5056 64
span 2516344000319148506 6 4989 5056 64
span 16469368704025678988 6 4980 4986 64
span 2277434674906179721 6 5061 5083 65
span 13341653684910545092 6 5061 5070 65
span 2312996128506010732 6 5126 5173 67
span 16781120948891460090 6 5126 5135 67
span 9638097176428235342 6 5221 5298 70
span 989438692693633216 6 5230 5298 70
span 5359233445720288114 6 5221 5227 70
span 17860485714037520797 6 5303 5325 71
span 17433087126181926198 6 5303 5312 71
span 1011147594551305825 6 5373 5424 74
span 4462509619905282500 6 5382 5424 74
span 1856639240400667920 6 5373 5379 74
span 12133788173206787463 6 5429 5451 75
span 17676674316512276922 6 5429 5438 75
span 13535511709917298210 6 5499 5551 78
span 9351513299945653970 6 5509 5551 78
span 17400637308213487009 6 5499 5506 78
span 14815187881102558318 6 5556 5579 79
span 13803005873457081833 6 5556 5565 79
span 1708799504372971014 6 5627 5679 82
span 6281259259755065909 6 5637 5679 82
span 15818015659911113739 6 5627 5634 82
span 13271922711456863546 6 5684 5707 83
span 11047183659377159316 6 5684 5693 83
span 1992111657875657994 6 5723 5732 85
span 8320561270552132332 6 5743 5752 87
span 8371440036681801625 7 0 1160 1
span 13929397157216782038 7 143 149 2
span 16754024907392987746 7 160 166 3
span 8017127751259505342 7 177 183 4
span 4038272689303134021 7 194 200 5
span 18091997938675761099 7 211 217 6
span 13264202561377508928 7 228 237 7
span 14945276885780795337 7 244 1066 8
span 1059792901956701481 7 280 323 10
span 1834656917845551912 7 289 323 10
span 3616718654987874915 7 333 409 12
span 11894434765685439664 7 280 286 10
span 13451643812565601243 7 342 409 12
span 11293308873376922925 7 419 516 14
span 110575179651572677 7 333 339 12
span 16478825349497903670 7 428 516 14
span 10896347133442574572 7 419 425 14
span 10762681325520083481 7 526 535 16
span 15174884429928429779 7 575 609 18
span 12523636677219646193 7 575 584 18
span 5198465828094116182 7 640 649 20
span 6901085775955308419 7 684 693 22
span 7607421821181046265 7 728 737 24
span 16720643468743525468 7 777 861 27
span 5884097649247629766 7 786 861 27
span 8903078189492574186 7 871 966 29
span 12352290995842862534 7 777 783 27
span 6564096691003437270 7 880 966 29
span 426644573863344927 7 871 877 29
span 10359177109904762143 7 971 980 30
span 10775716339087317354 7 1020 1029 32
span 5406525142347461099 7 1049 1058 34
span 7756387213196598539 7 1069 1134 36
span 5794409490683604344 7 1085 1134 36
span 12114535437548060376 7 1073 1079 36
span 9279077176451884327 7 1137 1149 37
span 11211440031015101464 8 0 3937 1
span 11952969280497312214 8 402 469 2
span 4828649848031245015 8 415 469 2
span 12008976600726047493 8 406 412 2
span 6470340907349259797 8 472 525 3
span 7273587530246951940 8 485 525 3
span 13554444945751567518 8 476 482 3
span 2859378213653946518 8 528 595 4
span 17278756887720394916 8 541 595 4
span 7427471361175243167 8 532 538 4
span 6938374952356012795 8 598 651 5
span 11217746203919569481 8 611 651 5
span 1139113738229405481 8 602 608 5
span 9447988643831869721 8 654 720 6
span 9567400463329121576 8 667 720 6
span 5382041162673391860 8 658 664 6
span 6764172329057267871 8 723 776 7
span 13881840327667232919 8 736 776 7
span 3171657237564149763 8 727 733 7
span 6950843220065492031 8 779 845 8
span 7260321244327847328 8 792 845 8
span 3122425337863112523 8 783 789 8
span 9899548319032904272 8 848 901 9
span 12743667803012838351 8 861 901 9
span 13438015481497842236 8 852 858 9
span 5393748616584086780 8 904 979 10
span 17456561547486794083 8 920 979 10
span 4445417950162157209 8 908 914 10
span 1461580347077861267 8 982 1071 11
span 5482831382524105470 8 999 1071 11
span 15638489557218564250 8 986 993 11
span 13460349116254666897 8 1074 1165 12
span 7639543546300893329 8 1091 1165 12
span 750172356800126580 8 1078 1085 12
span 14764430969173734277 8 1168 1259 13
span 15909752291160335218 8 1185 1259 13
span 17415068315419689679 8 1172 1179 13
span 12522861441091267011 8 1292 1360 15
span 3165696601006293674 8 1262 1279 14
span 14614915751159399504 8 1306 1360 15
span 13549119124523080158 8 1296 1303 15
span 15216790130583431459 8 1363 1417 16
span 16779267229626342962 8 1377 1417 16
span 3327232143221046614 8 1367 1374 16
span 7157135241985409104 8 1420 1488 17
span 14724229865895364451 8 1434 1488 17
span 15009691032403923555 8 1424 1431 17
span 1194154356461931527 8 1491 1545 18
span 17486706739409699647 8 1505 1545 18
span 5495055604377835397 8 1495 1502 18
span 17369255826109334269 8 1548 1615 19
span 9238866721822411705 8 1562 1615 19
span 2275778790104108597 8 1552 1559 19
span 12828539894109697878 8 1618 1672 20
span 10225329797123249052 8 1632 1672 20
span 6015370386244894464 8 1622 1629 20
span 10141835521232544394 8 1675 1742 21
span 1967770351895028199 8 1689 1742 21
span 18382773188710258418 8 1679 1686 21
span 5346527267563450445 8 1745 1799 22
span 2766835546998814524 8 1759 1799 22
span 17500042777326180140 8 1749 1756 22
span 7234118491757213909 8 1802 1880 23
span 10244212832901719841 8 1819 1880 23
span 7680061686641475846 8 1806 1813 23
span 16700482331684761355 8 1883 1975 24
span 18033539590017537886 8 1900 1975 24
span 11524077397460016412 8 1887 1894 24
span 15599161846751747053 8 1978 2071 25
span 5338058969379434660 8 1995 2071 25
span 14097457330812320285 8 1982 1989 25
span 17106556862669966503 8 2074 2167 26
span 3032350069630433530 8 2091 2167 26
span 7019355408066820709 8 2078 2085 26
span 14515031244078396806 8 2200 2268 28
span 9955189738559749488 8 2170 2187 27
span 16273855169663595874 8 2214 2268 28
span 9462307354907205996 8 2204 2211 28
span 13169264496480135270 8 2271 2325 29
span 14879502794121307879 8 2285 2325 29
span 1927715954963523390 8 2275 2282 29
span 9359982236834644912 8 2328 2396 30
span 16816001723575330164 8 2342 2396 30
span 4099387184304919648 8 2332 2339 30
span 9722729503863442265 8 2399 2453 31
span 12889142315909226001 8 2413 2453 31
span 1735075867183034225 8 2403 2410 31
span 16881399226007425396 8 2456 2523 32
span 16488762284569556882 8 2470 2523 32
span 2024286529643324680 8 2460 2467 32
span 9550873802379598929 8 2526 2580 33
span 9955353737263681041 8 2540 2580 33
span 4789835957310492287 8 2530 2537 33
span 4892203343960210604 8 2583 2650 34
span 7569841842350556121 8 2597 2650 34
span 976535579023016943 8 2587 2594 34
span 10733311633554618111 8 2653 2707 35
span 6501937475117671937 8 2667 2707 35
span 7032676638914658030 8 2657 2664 35
span 14649827320204890978 8 2710 2844 36
span 6728361587826805024 8 2727 2844 36
span 12849551118401583841 8 2714 2721 36
span 1056387596424670051 8 2847 2940 37
span 8020789629243469221 8 2864 2940 37
span 8277177412210178760 8 2851 2858 37
span 11242440416320796027 8 2943 3036 38
span 6512691933445361990 8 2960 3036 38
span 15340675467638147697 8 2947 2954 38
span 981009343542366680 8 3069 3137 40
span 6322580066871517218 8 3039 3056 39
span 9785263701270385444 8 3083 3137 40
span 12398771635804174828 8 3073 3080 40
span 1159918178752997240 8 3140 3194 41
span 3081492454981160987 8 3154 3194 41
span 8532005328708859970 8 3144 3151 41
span 6919193492159440301 8 3197 3265 42
span 16201185368536367935 8 3211 3265 42
span 3583353438725449494 8 3201 3208 42
span 9698617722018158536 8 3268 3322 43
span 7250787566074669393 8 3282 3322 43
span 18334720840322233585 8 3272 3279 43
span 6873100832466711555 8 3325 3392 44
span 819884226670610893 8 3339 3392 44
span 7030710398961470954 8 3329 3336 44
span 17161686260313020346 8 3395 3449 45
span 1266422816438626717 8 3409 3449 45
span 2442784341604594434 8 3399 3406 45
span 12267814575185935009 8 3452 3519 46
span 1580483754891744341 8 3466 3519 46
span 3351143775522307396 8 3456 3463 46
span 6668575250774987847 8 3522 3576 47
span 3986461953615070637 8 3536 3576 47
span 7994505969901843720 8 3526 3533 47
span 2767406584096715891 8 3579 3713 48
span 4985229262359417890 8 3596 3713 48
span 11690064826951819663 8 3583 3590 48
span 1649098152637707935 8 3716 3809 49
span 2342480977732803839 8 3733 3809 49
span 94447593676967596 8 3720 3727 49
span 4443289425142788696 8 3812 3905 50
span 15237560972015155706 8 3829 3905 50
span 5414868878906518482 8 3816 3823 50
span 2616964899197874384 8 3908 3925 51
span 9763058853442290023 9 0 1869 1
span 11999523637284467102 9 210 218 2
span 18344556175464748222 9 225 272 3
span 4893664481476384207 9 238 272 3
span 16686877717555674757 9 229 235 3
span 16208232593147172849 9 275 330 4
span 9211803344097640662 9 288 330 4
span 9297921743487428855 9 279 285 4
span 7095134548953604189 9 333 380 5
span 9554508966798641856 9 346 380 5
span 12397350858833788281 9 337 343 5
span 7280806809057368632 9 383 438 6
span 5295326640348778720 9 396 438 6
span 9462470399212627555 9 387 393 6
span 17081625808090885353 9 441 488 7
span 11952006601024249833 9 454 488 7
span 17883617751108927482 9 445 451 7
span 5618709567015607238 9 491 571 8
span 4584371545758329512 9 504 571 8
span 2872388375588429486 9 495 501 8
span 17245499716293258623 9 574 621 9
span 10528641995985500044 9 587 621 9
span 9706226370611637447 9 578 584 9
span 7442769034949806889 9 624 705 10
span 18073519340837561425 9 637 705 10
span 15684879699254239416 9 628 634 10
span 12828823432249166829 9 708 755 11
span 16608231524476733276 9 721 755 11
span 13840103456664501503 9 712 718 11
span 4247171380501769320 9 758 813 12
span 4663583028494169309 9 772 813 12
span 13305411174501473937 9 762 769 12
span 18256543979961121470 9 816 864 13
span 8065134816942409253 9 830 864 13
span 16226213615136923117 9 820 827 13
span 2482658781782633114 9 867 923 14
span 8438791027937537017 9 881 923 14
span 14757376346471849425 9 871 878 14
span 10949543242000294409 9 926 1057 15
span 3633760578173310564 9 926 934 15
span 9152637679140494559 9 1060 1173 16
span 6682968365589632992 9 1078 1173 16
span 9961336372103104644 9 1064 1071 16
span 11120679835530327763 9 1176 1275 17
span 9861054330950538507 9 1194 1275 17
span 16849220044244127727 9 1180 1187 17
span 9840524007024236857 9 1278 1408 18
span 76643525948696723 9 1296 1408 18
span 8100834140081522474 9 1282 1289 18
span 13330847353245364175 9 1411 1524 19
span 14039294317743118591 9 1429 1524 19
span 3961418712204935802 9 1415 1422 19
span 579028508312714972 9 1527 1611 20
span 14001079649182533789 9 1545 1611 20
span 716731737228128833 9 1531 1538 20
span 14455050646629442995 9 1614 1696 21
span 2970916410595113059 9 1632 1696 21
span 11550782117873591538 9 1618 1625 21
span 17572105252130469617 9 1721 1771 23
span 17015776590107552200 9 1699 1708 22
span 3109295218580495294 9 1735 1771 23
span 4061360838705292505 9 1725 1732 23
span 10686453395187203019 9 1774 1846 24
span 15393588115890245423 9 1791 1846 24
span 2097330537813476162 9 1778 1785 24
span 11431584070444446262 9 1849 1857 25
span 5981982717622150426 10 0 1486 1
span 17200553429994854907 10 360 366 2
span 13056744749160812790 10 377 383 3
span 14862187651124316205 10 394 400 4
span 5051614381946054629 10 411 417 5
span 13563921937330743010 10 428 441 6
span 18280611813706400251 10 452 469 7
span 16452240007355485972 10 480 490 8
span 5853625489839453547 10 501 510 9
span 531239107087135356 10 520 535 10
span 9252437937248598962 10 546 557 11
span 10105874028443076296 10 563 1274 12
span 6747194553824059978 10 583 596 13
span 7331430505755482550 10 605 620 14
span 7893146424308692996 10 629 640 15
span 3638284106231675196 10 649 666 16
span 1834097030066673655 10 675 685 17
span 10848524139228232783 10 694 703 18
span 16995166841765382742 10 728 793 21
span 16003285737746810324 10 737 793 21
span 4190111231177745226 10 803 840 23
span 7864720623922612347 10 728 734 21
span 13912678363449568464 10 872 913 25
span 1285700700099487924 10 803 809 23
span 18408106930246854431 10 845 858 24
span 1449893719332462518 10 897 903 26
span 2426908425093720342 10 923 953 29
span 12346106857864574951 10 989 1030 31
span 16334141727844604077 10 923 929 29
span 2355884335369154848 10 958 975 30
span 7510407374133092571 10 1014 1020 32
span 15753124019757065871 10 1040 1075 35
span 6372350693919034472 10 1104 1145 37
span 5853621083502055743 10 1150 1191 38
span 12963840208937232288 10 1040 1046 35
span 15876566831078612611 10 1080 1090 36
span 5221504626267905 10 1104 1113 37
span 7268015038966635780 10 1175 1181 39
span 11325904732107242770 10 1225 1270 42
span 5045063480008868516 10 1196 1211 41
span 3232520138266315435 10 1225 1236 42
span 11663828037879272040 10 1277 1294 44
span 18146017754552382944 10 1313 1332 45
span 3053401913486804556 10 1353 1368 46
span 11608463203608937408 10 1385 1406 47
span 8695582998737114469 10 1429 1443 48
span 5945794686319731963 10 1459 1472 49
span 10479483495187131712 11 0 1557 1
span 6395241168600883043 11 409 417 2
span 1240295359588364353 11 428 448 3
span 5616353259867067239 11 459 475 4
span 2686577230493544897 11 482 548 5
span 3396139279726377252 11 482 502 5
span 8300240503813933980 11 551 619 6
span 8551769841495098494 11 564 619 6
span 2894410276771363431 11 555 561 6
span 6777464222532430168 11 622 690 7
span 14644832369763711588 11 635 690 7
span 3009407946255309526 11 626 632 7
span 12629088951255618694 11 693 761 8
span 17607107528641122631 11 706 761 8
span 17567560907480344074 11 697 703 8
span 16664740670487404428 11 764 832 9
span 3375490724860680188 11 777 832 9
span 1115206376572812078 11 768 774 9
span 9241929325702301814 11 835 903 10
span 9238947762512108717 11 848 903 10
span 16705105261355579010 11 839 845 10
span 3243867331503424606 11 906 974 11
span 15395110258037229561 11 919 974 11
span 9075209790800730428 11 910 916 11
span 1062366490387219910 11 977 1045 12
span 17933823126475857766 11 990 1045 12
span 8656741512874961258 11 981 987 12
span 15070452998647760775 11 1048 1116 13
span 12950256372974330853 11 1061 1116 13
span 12190030599345080762 11 1052 1058 13
span 4284122607363914477 11 1119 1255 14
span 13654930899094877383 11 1119 1127 14
span 12158659040613747805 11 1258 1315 15
span 5821985465660999547 11 1258 1274 15
span 5182829032729073085 11 1359 1407 17
span 16848944294628639317 11 1318 1333 16
span 3025987341871273974 11 1359 1373 17
span 3722336356979088661 11 1410 1424 18
span 10712493742335209258 11 1450 1464 19
span 1694744981533123138 11 1486 1500 20
span 15167488346139248992 11 1526 1536 21
span 12359918821210294845 12 0 608 1
span 1573393934632325171 12 220 232 2
span 15503219649954528116 12 243 256 3
span 2252979608193715029 12 267 282 4
span 4314427528212395207 12 289 496 5
span 4512304634375564695 12 309 322 6
span 2986716566445972951 12 331 346 7
span 12393586762096798836 12 355 367 8
span 7034977667573628607 12 387 400 10
span 15315948177608271827 12 423 438 11
span 10895957052739590196 12 463 475 12
span 15253060777141237684 12 499 516 14
span 6659935266135575617 12 535 554 15
span 8511696630976969584 12 575 591 16
span 12524193761862767810 13 0 4105 1
span 131422055573509594 13 188 198 2
span 12255761481933604596 13 209 217 3
span 12754612355024118672 13 228 248 4
span 11908620794619717665 13 259 279 5
span 10019237042436795253 13 290 310 6
span 9226020837313746791 13 321 340 7
span 151350697513998361 13 351 370 8
span 5698165581009952160 13 381 401 9
span 5334537144724604035 13 412 431 10
span 6548137855077365693 13 442 454 11
span 10994230930589426034 13 465 485 12
span 5980830529623189591 13 496 516 13
span 4609731427248112080 13 527 534 14
span 14558359559253618197 13 549 556 15
span 18220958837587275820 13 567 591 16
span 8610621993975480727 13 567 579 16
span 17880113273416220041 13 594 650 17
span 12990320020355764614 13 607 650 17
span 289953571904629429 13 598 604 17
span 15013539599657751246 13 653 672 18
span 10884792417342819079 13 684 740 19
span 4992128567387955053 13 697 740 19
span 14027606831919045108 13 688 694 19
span 9884888146055689328 13 743 762 20
span 7625542774276815479 13 774 829 21
span 4643272123932325433 13 787 829 21
span 7550811886285852352 13 778 784 21
span 17312773611388939243 13 832 851 22
span 14243456254354616722 13 863 919 23
span 6767864072689184151 13 876 919 23
span 9165659977437089991 13 867 873 23
span 1141676141543988960 13 922 942 24
span 10811951189508263537 13 954 1010 25
span 14024488291484070376 13 967 1010 25
span 17841669572932948851 13 958 964 25
span 7216774244610725091 13 1013 1033 26
span 11358452953420249367 13 1045 1102 27
span 11987415940725575438 13 1058 1102 27
span 3712140257128169510 13 1049 1055 27
span 230327924274461210 13 1105 1125 28
span 14149374327694538526 13 1137 1193 29
span 12084493822278218088 13 1150 1193 29
span 6071818006581429910 13 1141 1147 29
span 11298655513929250094 13 1196 1216 30
span 11377693292764005448 13 1228 1285 31
span 581119754729058372 13 1241 1285 31
span 1108912217872690524 13 1232 1238 31
span 13251943351693792412 13 1288 1344 32
span 8404688795233238055 13 1301 1344 32
span 15083689255221615485 13 1292 1298 32
span 14679395945992883478 13 1347 1373 33
span 3054170890073354310 13 1347 1355 33
span 11042782783449734853 13 1376 1433 34
span 7241646223875523634 13 1390 1433 34
span 17903614810197630877 13 1380 1387 34
span 6720525064126376692 13 1436 1493 35
span 14770277725550473914 13 1450 1493 35
span 12484668462706391197 13 1440 1447 35
span 7723684622870586950 13 1496 1526 36
span 1384297800616273525 13 1496 1506 36
span 7821706759885435371 13 1529 1588 37
span 8080029761135893844 13 1543 1588 37
span 5320607913236551961 13 1533 1540 37
span 1495799064650626925 13 1591 1611 38
span 10620580224689468757 13 1624 1678 39
span 10266401250677361929 13 1638 1678 39
span 12481796137315728694 13 1628 1635 39
span 5792445909037552386 13 1681 1736 40
span 6495637102292370777 13 1695 1736 40
span 16626347467149861484 13 1685 1692 40
span 3053007404232749479 13 1739 1794 41
span 15504266546467803295 13 1753 1794 41
span 2281972294615720642 13 1743 1750 41
span 9106958999794678049 13 1797 1853 42
span 12305954854681892311 13 1811 1853 42
span 15328356743903903599 13 1801 1808 42
span 12202654692302162756 13 1856 1912 43
span 8358892745570802200 13 1870 1912 43
span 7689612711718566305 13 1860 1867 43
span 13840720935004662441 13 1915 1970 44
span 11221882809414810601 13 1929 1970 44
span 3391980754039563097 13 1919 1926 44
span 1992469726188760081 13 1973 2028 45
span 13138860570801774586 13 1987 2028 45
span 10654662683642815503 13 1977 1984 45
span 10358174517274202723 13 2031 2085 46
span 11333055263007757112 13 2045 2085 46
span 9357540093404252602 13 2035 2042 46
span 9989464218364901609 13 2088 2143 47
span 5903592998491183240 13 2102 2143 47
span 16718235665899627644 13 2092 2099 47
span 4059422840629701426 13 2146 2201 48
span 7277838870949030805 13 2160 2201 48
span 17809767118469934769 13 2150 2157 48
span 6264495381013015937 13 2204 2259 49
span 2671645656749415377 13 2218 2259 49
span 6591958635836936855 13 2208 2215 49
span 14214821127304568903 13 2262 2317 50
span 14724085055962207585 13 2276 2317 50
span 11359634898298764817 13 2266 2273 50
span 14303687888919912903 13 2320 2376 51
span 8089153762043000375 13 2334 2376 51
span 14027952106717324971 13 2324 2331 51
span 14405566173947421334 13 2379 2435 52
span 3434391621966576051 13 2393 2435 52
span 11471996181550689490 13 2383 2390 52
span 15621597435466826311 13 2438 2493 53
span 9687204973351474574 13 2452 2493 53
span 12956411981967976323 13 2442 2449 53
span 2999900826256117734 13 2496 2551 54
span 3289458952772199795 13 2510 2551 54
span 2113358687591151373 13 2500 2507 54
span 680761480151026253 13 2554 2609 55
span 9181204418831066960 13 2568 2609 55
span 4486650191626377316 13 2558 2565 55
span 12927540612947869920 13 2612 2683 56
span 9470812300328313230 13 2626 2683 56
span 2360300811804826914 13 2616 2623 56
span 5092278981456430883 13 2686 2757 57
span 4892183552744824875 13 2700 2757 57
span 17670703462912782766 13 2690 2697 57
span 1037584803516982127 13 2760 2819 58
span 6811974390031280461 13 2774 2819 58
span 7501455162448522823 13 2764 2771 58
span 12912029083754123414 13 2822 3501 59
span 3524595776280899389 13 2822 2842 59
span 9872276352464580367 13 3504 3623 60
span 5970182059981090080 13 3522 3623 60
span 7089020993847640378 13 3508 3515 60
span 12323660541566529322 13 3626 3732 61
span 4288317109665427554 13 3644 3732 61
span 1347812919572074615 13 3630 3637 61
span 9876076675932715284 13 3735 3771 62
span 4563978161300876011 13 3735 3742 62
span 16351885926513783109 13 3796 3870 64
span 3422162675762114532 13 3774 3783 63
span 11950916815860322805 13 3831 3866 65
span 17184662849005840042 13 3831 3838 65
span 9841983054702287290 13 3914 4014 69
span 1202190913844173109 13 3888 3901 68
span 7294958139430964932 13 3974 4010 70
span 12432590467234980015 13 3974 3981 70
span 16511654789289434232 13 4043 4103 73
span 10823653213743064114 13 4017 4030 72
span 9278989053682471550 13 4043 4057 73
span 9060079189874606904 14 0 517 1
span 11545534275089325159 14 189 206 2
span 3453177267792431110 14 216 236 3
span 1836400869987626393 14 242 421 4
span 8115087138866191383 14 262 282 5
span 10610549115218151246 14 291 308 6
span 13197843105309077634 14 328 348 8
span 18238210470823068890 14 378 395 9
span 1887436028806808519 14 424 448 11
span 18102688313813370993 14 474 495 12
span 9845452587810616453 15 0 1520 1
span 17391726853463685472 15 350 356 2
span 5502930399191433239 15 367 373 3
span 3433719572588847677 15 384 390 4
span 1615155745596659200 15 401 407 5
span 15268944922543435810 15 418 424 6
span 3970687952291514884 15 435 441 7
span 760987474200601972 15 452 467 8
span 11595146253809272496 15 478 489 9
span 6220412625142182356 15 500 513 10
span 7262232921037395989 15 524 537 11
span 16277008494275047034 15 548 559 12
span 10119629515343718346 15 565 1320 13
span 2875630184053782011 15 585 600 14
span 5614978357365451794 15 609 620 15
span 792840240567353058 15 629 635 16
span 15005429899551744925 15 644 657 17
span 3858423620032331593 15 666 679 18
span 12572776767498506478 15 688 699 19
span 16124398196202969455 15 724 782 22
span 6826876820663423350 15 733 782 22
span 9806103614630000929 15 792 827 24
span 14850505220313684057 15 724 730 22
span 420986957892170499 15 852 893 26
span 10685444570920147130 15 792 798 24
span 7381247533391118469 15 832 838 25
span 12318675381401100140 15 877 883 27
span 10454354999884005632 15 903 934 30
span 970732439996847696 15 968 1009 32
span 6813167622743707391 15 903 909 30
span 11816051670669009867 15 939 954 31
span 3769625231542377220 15 993 999 33
span 16443459636179537585 15 1019 1052 36
span 10238740922708332892 15 1082 1123 38
span 18387069157684833320 15 1019 1025 36
span 3862629921489197415 15 1057 1068 37
span 10756119093177364872 15 1107 1113 39
span 14174704918105707049 15 1133 1166 42
span 3453159661287791515 15 1198 1239 44
span 15137835390367208890 15 1133 1139 42
span 17986987418683581029 15 1171 1184 43
span 6674057488240175769 15 1223 1229 45
span 87090660326985321 15 1244 1289 47
span 6312525686652872154 15 1244 1255 47
span 12082332494668962030 15 1294 1307 48
span 7933655634562740618 15 1323 1342 50
span 11364145654057091600 15 1363 1378 51
span 11220081388401085435 15 1395 1405 52
span 272880083889169852 15 1417 1434 53
span 3683222788743220709 15 1453 1470 54
span 12326459068759188405 15 1489 1504 55
span 9469335541030654429 16 0 22922 1
span 10607365511141311431 16 409 419 2
span 9494837377991018417 16 430 441 3
span 10083450853732955077 16 452 463 4
span 8480019073102715438 16 474 485 5
span 5570710252462093484 16 496 507 6
span 14510106527341789103 16 518 529 7
span 11892042197981278871 16 540 551 8
span 11091413915248535903 16 562 573 9
span 4728361438646499974 16 584 595 10
span 17866631539498307005 16 606 617 11
span 16577415497729205430 16 628 639 12
span 3487971703084043233 16 650 660 13
span 5312368347579231400 16 671 682 14
span 9871944904801709559 16 693 704 15
span 1775108129279385957 16 715 726 16
span 3169727537384544925 16 737 748 17
span 5006054865366970220 16 759 770 18
span 17946820037711536312 16 781 792 19
span 1120897696815966146 16 803 814 20
span 9537469360884543881 16 825 836 21
span 6479763043750380854 16 847 858 22
span 8605269603537165418 16 869 880 23
span 17726569142449340702 16 891 901 24
span 10622228989513621070 16 912 922 25
span 7353195533203006318 16 933 943 26
span 738523241973692150 16 954 964 27
span 885260298551952649 16 975 985 28
span 6485382757359734826 16 996 1006 29
span 9846991061015395244 16 1017 1027 30
span 2020267974216817618 16 1038 1048 31
span 6835195243713675057 16 1059 1067 32
span 6617709180596032168 16 1078 1085 33
span 6222349464065362545 16 1096 1103 34
span 11572890212814319238 16 1114 1121 35
span 15423691204773697943 16 1132 1139 36
span 7929348016049129688 16 1150 1157 37
span 15474978106730856252 16 1168 1175 38
span 16071958987721949868 16 1186 1193 39
span 2382260528663496882 16 1204 1211 40
span 12149849067425341267 16 1222 1229 41
span 15509449520028469227 16 1240 1247 42
span 4389374828082963178 16 1258 1265 43
span 5675452629020020461 16 1276 1283 44
span 9658245694616877996 16 1294 1301 45
span 7640270516300747205 16 1312 1319 46
span 3079888954832636554 16 1330 1337 47
span 3833121779198718408 16 1348 1355 48
span 16032814869742197108 16 1366 1373 49
span 9020084724079430778 16 1384 1391 50
span 11167087545842892367 16 1402 1409 51
span 9456326935945355785 16 1420 1427 52
span 7186036076256573969 16 1438 1445 53
span 5299012479951670024 16 1456 1463 54
span 9409619094411565565 16 1474 1481 55
span 1489307279455662382 16 1492 1499 56
span 3344415280166867216 16 1510 1517 57
span 12179579906012584839 16 1528 1535 58
span 1206421533504739027 16 1546 1553 59
span 17193228150334461705 16 1564 1571 60
span 12355972000741806717 16 1582 1589 61
span 4030162222290833406 16 1600 1607 62
span 17045631584881766576 16 1618 1625 63
span 4903684401496846633 16 1636 1643 64
span 11565697738104498911 16 1654 1661 65
span 6321986166021465440 16 1672 1681 66
span 12641121572507755240 16 1692 1703 67
span 7173188629382107178 16 1714 1725 68
span 8007812016750397472 16 1736 1747 69
span 5140955936245658299 16 1758 1764 70
span 11428262907360119124 16 1775 1781 71
span 5022526204589986653 16 1792 1798 72
span 11367864119113530683 16 1809 1815 73
span 14236501716916264705 16 1826 1832 74
span 12383703304872928936 16 1843 1849 75
span 13021626881783576462 16 1860 1866 76
span 17472339675135067714 16 1877 1883 77
span 8205092221292453518 16 1894 1900 78
span 10391265381637320059 16 1911 1917 79
span 7253830128042258269 16 1928 1935 80
span 16743762411937349245 16 1946 1953 81
span 2367058586650673744 16 1964 1971 82
span 17614672541949977193 16 1982 1989 83
span 11735356645000463505 16 2000 2007 84
span 14642155345330140919 16 2018 2025 85
span 13153607392147257778 16 2036 2043 86
span 6190352274235999328 16 2054 2061 87
span 4454366423040033601 16 2072 2079 88
span 12562250076213425945 16 2090 2097 89
span 16390672805348802261 16 2108 2115 90
span 10193218046349869980 16 2126 2133 91
span 16232446346200880494 16 2144 2151 92
span 5610747222819739586 16 2162 2169 93
span 1767053759576478048 16 2180 2187 94
span 11803632588222044643 16 2198 2205 95
span 10256471817324300551 16 2216 2223 96
span 171267718726759881 16 2234 2241 97
span 10535435949178169974 16 2252 2259 98
span 6991397597970765628 16 2270 2277 99
span 11371105579310431568 16 2288 2295 100
span 9932351264263298726 16 2306 2313 101
span 3109856896231372999 16 2320 4173 102
span 10233101581930623706 16 2364 2373 104
span 4907113587423151955 16 2421 2430 106
span 12199738986685137348 16 2478 2487 108
span 14220167810651263612 16 2535 2544 110
span 17627232920605990953 16 2592 2601 112
span 7711923226106078730 16 2649 2658 114
span 6936315781764183834 16 2706 2715 116
span 10256521786344095931 16 2763 2772 118
span 10481577207966033151 16 2820 2829 120
span 7565709677127635959 16 2877 2886 122
span 1342900364968402799 16 2935 2944 124
span 11311071157686666775 16 2994 3003 126
span 12945479411659969470 16 3053 3062 128
span 457300140845799760 16 3112 3121 130
span 8873716218113009816 16 3171 3180 132
span 7866668133005391347 16 3230 3239 134
span 2633220023148620941 16 3289 3298 136
span 520881624819844236 16 3348 3357 138
span 17754132460337464205 16 3407 3416 140
span 4573220528097547513 16 3466 3475 142
span 10427378397098355 16 3525 3534 144
span 11841899258627543001 16 3584 3593 146
span 15476454143169538963 16 3643 3652 148
span 6239763235010359348 16 3702 3711 150
span 13538785346034155186 16 3761 3770 152
span 14805696168930370065 16 3820 3829 154
span 2691841550996481101 16 3879 3888 156
span 12337947110635103365 16 3938 3947 158
span 14155576470207088826 16 3997 4006 160
span 17887550762015555721 16 4056 4065 162
span 12917814172828814142 16 4115 4124 164
span 17563175089203651197 16 4150 4159 166
span 12070332876544932915 16 4176 6093 168
span 1764306607305994303 16 4220 4231 170
span 3420569521805916114 16 4279 4290 172
span 11608660554391280314 16 4338 4349 174
span 11376796256060574615 16 4397 4408 176
span 8150874967306666568 16 4456 4467 178
span 8995143769420858284 16 4515 4526 180
span 195384504347790620 16 4574 4585 182
span 8267555125649384666 16 4633 4644 184
span 1591616823427171931 16 4692 4703 186
span 18323713503598279140 16 4751 4762 188
span 13861144393858218475 16 4811 4822 190
span 2790756466542743482 16 4872 4883 192
span 10091607046811907081 16 4933 4944 194
span 7069337398826323644 16 4994 5005 196
span 15178879988604280433 16 5055 5066 198
span 7995148794525229171 16 5116 5127 200
span 3870828651822185436 16 5177 5188 202
span 9008036528804997773 16 5238 5249 204
span 1311869182724548593 16 5299 5310 206
span 8549131233670213808 16 5360 5371 208
span 4881067705616108274 16 5421 5432 210
span 2193251446654046882 16 5482 5493 212
span 3677065847766146032 16 5543 5554 214
span 810832591685626631 16 5604 5615 216
span 13064820458108101132 16 5665 5676 218
span 1533642835406742687 16 5726 5737 220
span 2272359737872911490 16 5787 5798 222
span 5724129207867597719 16 5848 5859 224
span 6981098735258568928 16 5909 5920 226
span 13217424370835725039 16 5970 5981 228
span 70638031933500389 16 6031 6042 230
span 13093060643231382113 16 6068 6079 232
span 14798609645631127089 16 6096 8013 234
span 17160053197485943449 16 6140 6151 236
span 1510986016588005032 16 6199 6210 238
span 2279111096913109302 16 6258 6269 240
span 11838711954373723468 16 6317 6328 242
span 1297457076231169358 16 6376 6387 244
span 5863102363288599783 16 6435 6446 246
span 6549036986167558540 16 6494 6505 248
span 367027452900256605 16 6553 6564 250
span 2638961330102895387 16 6612 6623 252
span 803905022397183596 16 6671 6682 254
span 18247644090399313792 16 6731 6742 256
span 15400908594533623810 16 6792 6803 258
span 360493262761980671 16 6853 6864 260
span 11397378089022455245 16 6914 6925 262
span 16842035238453231582 16 6975 6986 264
span 273738321889354789 16 7036 7047 266
span 15817650641702690674 16 7097 7108 268
span 359519495277411496 16 7158 7169 270
span 14176353580672458660 16 7219 7230 272
span 4583209144203210978 16 7280 7291 274
span 4726511729817913517 16 7341 7352 276
span 6578450931113661312 16 7402 7413 278
span 9656174795850048989 16 7463 7474 280
span 4448434862568417426 16 7524 7535 282
span 11095642805161256082 16 7585 7596 284
span 6611653031463525603 16 7646 7657 286
span 18101228448921418903 16 7707 7718 288
span 14097197381734442967 16 7768 7779 290
span 8107533662914800546 16 7829 7840 292
span 2572298067982521482 16 7890 7901 294
span 359948713531682791 16 7951 7962 296
span 10049790417488596413 16 7988 7999 298
span 2787604386029490143 16 8016 9933 300
span 8360933580522380778 16 8060 8071 302
span 1250930966337795616 16 8119 8130 304
span 11667876003464303582 16 8178 8189 306
span 8845969905326865913 16 8237 8248 308
span 555527400363891343 16 8296 8307 310
span 2038751853795946246 16 8355 8366 312
span 8763840325903740987 16 8414 8425 314
span 10521907942373580011 16 8473 8484 316
span 15123554942524997180 16 8532 8543 318
span 3416969341509362945 16 8591 8602 320
span 6975047638522735040 16 8651 8662 322
span 15782932622788363558 16 8712 8723 324
span 17179748409146135984 16 8773 8784 326
span 6006523696404288981 16 8834 8845 328
span 242204989158730792 16 8895 8906 330
span 12279904357945102686 16 8956 8967 332
span 15099969501808983806 16 9017 9028 334
span 9344700584765912346 16 9078 9089 336
span 17807417829842592932 16 9139 9150 338
span 8790685168623128221 16 9200 9211 340
span 12230645107781053137 16 9261 9272 342
span 9368457894275527484 16 9322 9333 344
span 2249408199618999770 16 9383 9394 346
span 14832525014313880704 16 9444 9455 348
span 11305055748720008885 16 9505 9516 350
span 17153848960988646190 16 9566 9577 352
span 1380227295362990447 16 9627 9638 354
span 17837182554103768711 16 9688 9699 356
span 13768452466804070767 16 9749 9760 358
span 8707316979245623490 16 9810 9821 360
span 5042288491778031418 16 9871 9882 362
span 3020670244871569870 16 9908 9919 364
span 354616493211219894 16 9936 9991 366
span 963234619795517192 16 9949 9991 366
span 18157102761984302467 16 9940 9946 366
span 11166668166579962162 16 9994 10002 367
span 13288635341320657984 16 10014 10069 368
span 933344040184540257 16 10027 10069 368
span 16557679744309950091 16 10018 10024 368
span 14980385602083640524 16 10072 10082 369
span 2508709459405145393 16 10094 10149 370
span 1614164464601710070 16 10107 10149 370
span 13964973916479785725 16 10098 10104 370
span 4487537991333139026 16 10152 10162 371
span 11805964926545847602 16 10174 10229 372
span 13048205481858965661 16 10187 10229 372
span 10803603017127114861 16 10178 10184 372
span 14575939280172929870 16 10232 10242 373
span 9378806853295357753 16 10254 10309 374
span 13772209647785111396 16 10267 10309 374
span 15751889391385697578 16 10258 10264 374
span 183399023521892580 16 10312 10322 375
span 5965680222817640991 16 10334 10389 376
span 6102781355583476274 16 10347 10389 376
span 10748652413543028734 16 10338 10344 376
span 2734774543335075600 16 10392 10402 377
span 10595786803931065904 16 10414 10469 378
span 9843289284379247621 16 10427 10469 378
span 14013838650383086381 16 10418 10424 378
span 12173102739171470828 16 10472 10482 379
span 15428627908178684021 16 10494 10549 380
span 9566901308698767515 16 10507 10549 380
span 16786546710968748112 16 10498 10504 380
span 12669495394960478557 16 10552 10562 381
span 13966279330692373026 16 10574 10629 382
span 13022888318218013137 16 10587 10629 382
span 6277614390182668390 16 10578 10584 382
span 7573346326658691312 16 10632 10642 383
span 18292996200463191162 16 10654 10710 384
span 10862640341206994710 16 10668 10710 384
span 8150128672279140251 16 10658 10665 384
span 16137425288090258681 16 10713 10723 385
span 664170783132606318 16 10736 10793 386
span 11304476415695341593 16 10750 10793 386
span 4385680798756261682 16 10740 10747 386
span 14923624828329674353 16 10796 10806 387
span 14126284168786103301 16 10819 10876 388
span 11554215921564600741 16 10833 10876 388
span 3027520794099696131 16 10823 10830 388
span 5616956021066025286 16 10879 10890 389
span 6163849754531538560 16 10903 10960 390
span 2130879061490792244 16 10917 10960 390
span 4548827282710111281 16 10907 10914 390
span 7386193251387089979 16 10963 10974 391
span 3837230729178498272 16 10987 11044 392
span 6082831962628422300 16 11001 11044 392
span 12671279360522612697 16 10991 10998 392
span 5101126317080933640 16 11047 11058 393
span 8706778594258553627 16 11071 11128 394
span 12816104839419858374 16 11085 11128 394
span 4707481134171818534 16 11075 11082 394
span 14221116171675560321 16 11131 11142 395
span 12385934375762713020 16 11155 11212 396
span 2405435579989834635 16 11169 11212 396
span 1123429015635163723 16 11159 11166 396
span 7052870928762898642 16 11215 11226 397
span 5820648774420543994 16 11239 11296 398
span 339566296852686851 16 11253 11296 398
span 8958008385932797115 16 11243 11250 398
span 17906403590441694106 16 11299 11310 399
span 9198583858078531171 16 11323 11380 400
span 2942586068199692715 16 11337 11380 400
span 5284717504585906783 16 11327 11334 400
span 10471991349773868665 16 11383 11394 401
span 495568091477138684 16 11407 11464 402
span 217540948049958480 16 11421 11464 402
span 18341820618827242038 16 11411 11418 402
span 7975477794665043249 16 11467 11478 403
span 9073651868637417219 16 11491 11548 404
span 8016509424067422550 16 11505 11548 404
span 14599151077449026029 16 11495 11502 404
span 12534852386818164626 16 11551 11562 405
span 1379034625834999299 16 11575 11632 406
span 257472766440669269 16 11589 11632 406
span 1977988977891418265 16 11579 11586 406
span 11876617635202538472 16 11635 11646 407
span 15683600587060129622 16 11659 11716 408
span 11071658652449409238 16 11673 11716 408
span 17530603849750910843 16 11663 11670 408
span 15380389043997752593 16 11719 11730 409
span 13278900369438301241 16 11743 11800 410
span 2707498127787670716 16 11757 11800 410
span 2309773195642482823 16 11747 11754 410
span 15601534838953696877 16 11803 11814 411
span 6490105012445899572 16 11827 11884 412
span 7921591425967781029 16 11841 11884 412
span 1714662138143798689 16 11831 11838 412
span 6976897215615609789 16 11887 11898 413
span 14702408124554010049 16 11911 11968 414
span 16151630897796522690 16 11925 11968 414
span 15424427762467225553 16 11915 11922 414
span 14794063059367345043 16 11971 11982 415
span 9922062238525792825 16 11995 12052 416
span 16573810760901099268 16 12009 12052 416
span 9389042549236481862 16 11999 12006 416
span 9117477124486589424 16 12055 12066 417
span 6733844044487618222 16 12079 12136 418
span 2031544066325149895 16 12093 12136 418
span 10846188511993696244 16 12083 12090 418
span 11134413740548489881 16 12139 12150 419
span 3422699403097608426 16 12163 12220 420
span 18353546913441160802 16 12177 12220 420
span 9356500200338776584 16 12167 12174 420
span 15281675569935846550 16 12223 12234 421
span 734167903029780492 16 12247 12304 422
span 4000464260355831457 16 12261 12304 422
span 15073234933532187628 16 12251 12258 422
span 6139470390685572100 16 12307 12318 423
span 17222261864596756841 16 12331 12388 424
span 5725646301791364958 16 12345 12388 424
span 13808891442148360141 16 12335 12342 424
span 17856498839221365801 16 12391 12402 425
span 5900979619622689133 16 12415 12472 426
span 15471772687745529176 16 12429 12472 426
span 5932893195671865298 16 12419 12426 426
span 11397659669482420233 16 12475 12486 427
span 15220657505536857355 16 12499 12571 428
span 5022985513470205612 16 12513 12571 428
span 14493867565954012148 16 12503 12510 428
span 10219561405510589573 16 12574 22782 429
span 11100262986698999291 16 12628 12686 430
span 4653600865054838571 16 12653 12659 431
span 10307853006669232581 16 12691 12751 433
span 8460259263068992629 16 12718 12724 434
span 14720853414294405530 16 12756 12816 436
span 8024418100486634204 16 12783 12789 437
span 6301737051748414571 16 12821 12881 439
span 1497114765257288100 16 12848 12854 440
span 10297445045041118697 16 12886 12946 442
span 4136935822730552909 16 12913 12919 443
span 16303007217645901109 16 12951 13011 445
span 9923249967868999512 16 12978 12984 446
span 6505671527956458350 16 13016 13076 448
span 14629779291129002238 16 13043 13049 449
span 15132231463440582312 16 13081 13141 451
span 16659570854754842401 16 13108 13114 452
span 15631052736585867975 16 13146 13206 454
span 17632406626291471645 16 13173 13179 455
span 16103455628701104573 16 13211 13271 457
span 11565946997449365114 16 13238 13244 458
span 7587706296718449034 16 13276 13337 460
span 2257125482330274986 16 13303 13310 461
span 16089380961705743242 16 13342 13404 463
span 362553624175393318 16 13370 13377 464
span 6566257061869794670 16 13409 13471 466
span 4431004631893993744 16 13437 13444 467
span 16057968624867873442 16 13476 13538 469
span 9308644733358651558 16 13504 13511 470
span 3706707187385255484 16 13543 13605 472
span 14613332001305324831 16 13571 13578 473
span 8356680660355296523 16 13610 13672 475
span 3489177942205523954 16 13638 13645 476
span 5617861727376941929 16 13677 13739 478
span 11876114948698930319 16 13705 13712 479
span 4684426846789741801 16 13744 13806 481
span 13932675760339125450 16 13772 13779 482
span 16470770015464429135 16 13811 13873 484
span 8002479525956353645 16 13839 13846 485
span 175229424501060885 16 13878 13940 487
span 17777484883578605211 16 13906 13913 488
span 18292978408179719197 16 13945 14007 490
span 8707880168157744278 16 13973 13980 491
span 3275990667041730677 16 14012 14074 493
span 1027580277551204498 16 14040 14047 494
span 8487878592189854918 16 14079 14141 496
span 3321589075980127921 16 14107 14114 497
span 8461743916615963327 16 14146 14208 499
span 11825500709843197973 16 14174 14181 500
span 10514482417712442497 16 14213 14275 502
span 6580783408825756607 16 14241 14248 503
span 6633301448396275828 16 14280 14342 505
span 12058850556042441954 16 14308 14315 506
span 9555256509049833950 16 14347 14409 508
span 852248650083310165 16 14375 14382 509
span 2532826466318410079 16 14414 14476 511
span 4373633087236651392 16 14442 14449 512
span 3158248323433150304 16 14481 14543 514
span 16034517540116859431 16 14509 14516 515
span 12078672339152612201 16 14548 14610 517
span 18284329237458523868 16 14576 14583 518
span 11206127869333410750 16 14615 14677 520
span 7527035506618341048 16 14643 14650 521
span 4251466633757091649 16 14682 14751 523
span 17765798116381732294 16 14717 14724 524
span 3451723447753701933 16 14767 15006 527
span 6324074975762086632 16 14809 14815 528
span 10691517998073733254 16 14863 14915 531
span 13858964833729214317 16 14873 14915 531
span 1289539759849194116 16 14863 14870 531
span 6674477281801202943 16 14922 15000 532
span 2628733035467746437 16 14965 14971 533
span 15181736942665580744 16 15011 15252 536
span 6687402321877833723 16 15055 15061 537
span 17123935669557597399 16 15109 15161 540
span 10556616535502732687 16 15119 15161 540
span 7715439165033017505 16 15109 15116 540
span 13172908347889819276 16 15168 15246 541
span 384876478551328535 16 15211 15217 542
span 4051497699673018300 16 15257 15498 545
span 10013179067567331955 16 15301 15307 546
span 1359239453951673236 16 15355 15407 549
span 3784103197315224639 16 15365 15407 549
span 6988086815180814632 16 15355 15362 549
span 2569668242412105348 16 15414 15492 550
span 4556221495176079899 16 15457 15463 551
span 7952509176938417722 16 15503 15744 554
span 2539385461237864849 16 15547 15553 555
span 5859042726343617363 16 15601 15653 558
span 89556895294298169 16 15611 15653 558
span 17737145541512028690 16 15601 15608 558
span 10742835124612103481 16 15660 15738 559
span 594521073007491689 16 15703 15709 560
span 15184499432163704769 16 15749 15990 563
span 2345114035721085549 16 15793 15799 564
span 14149847271565460699 16 15847 15899 567
span 12654076292085226034 16 15857 15899 567
span 10342446421302942867 16 15847 15854 567
span 11489292770582116045 16 15906 15984 568
span 7589127174275867378 16 15949 15955 569
span 15499865448151222669 16 15995 16236 572
span 12351349027241512070 16 16039 16045 573
span 9903217477572623060 16 16093 16145 576
span 6586362850114845165 16 16103 16145 576
span 7356048116315107360 16 16093 16100 576
span 10013288976716723860 16 16152 16230 577
span 10970448351828873109 16 16195 16201 578
span 2326980270324630613 16 16241 16482 581
span 18060656930261328371 16 16285 16291 582
span 14751851969070926335 16 16339 16391 585
span 18357473318564330575 16 16349 16391 585
span 7057425066007940890 16 16339 16346 585
span 17696092131491386650 16 16398 16476 586
span 8555061806432663522 16 16441 16447 587
span 3447736725603475734 16 16487 16728 590
span 15436472711218334169 16 16531 16537 591
span 15288912634159711873 16 16585 16637 594
span 3270910397942103909 16 16595 16637 594
span 12683739696792591868 16 16585 16592 594
span 3165432228507680797 16 16644 16722 595
span 15009523019407075405 16 16687 16693 596
span 11511322983382254987 16 16733 16974 599
span 11465734153581500621 16 16777 16783 600
span 12453752829526914690 16 16831 16883 603
span 10353562174064493884 16 16841 16883 603
span 8477416305995524511 16 16831 16838 603
span 14349068845971553338 16 16890 16968 604
span 1273466574670790176 16 16933 16939 605
span 4216159883714771263 16 16979 17220 608
span 9911592138860489372 16 17023 17029 609
span 10031896975970608583 16 17077 17129 612
span 7560741156700797112 16 17087 17129 612
span 9592987352862798408 16 17077 17084 612
span 9488124741772069354 16 17136 17214 613
span 5789702927330494141 16 17179 17185 614
span 14962870691568263294 16 17225 17469 617
span 979743645306596901 16 17269 17276 618
span 11216111214914175767 16 17324 17377 621
span 3903189340855887429 16 17334 17377 621
span 2556911985054260564 16 17324 17331 621
span 4527097827660698288 16 17384 17463 622
span 11090343459877672065 16 17427 17434 623
span 17760656147917088899 16 17474 17719 626
span 10174262391102475567 16 17519 17526 627
span 6067819609335196825 16 17574 17627 630
span 3461194780196729648 16 17584 17627 630
span 12900208674866931164 16 17574 17581 630
span 8254345440493125538 16 17634 17713 631
span 18363039217235606231 16 17677 17684 632
span 10576946039226542184 16 17724 17969 635
span 8309198544099275001 16 17769 17776 636
span 5559322145517253076 16 17824 17877 639
span 17390967552892551894 16 17834 17877 639
span 11558879841368554425 16 17824 17831 639
span 7750364451250180291 16 17884 17963 640
span 16940779090895764577 16 17927 17934 641
span 13451840000929161863 16 17974 18219 644
span 16520194438115184896 16 18019 18026 645
span 7275951035151223310 16 18074 18127 648
span 13841421814956628243 16 18084 18127 648
span 1183086566969972561 16 18074 18081 648
span 7600043363143130062 16 18134 18213 649
span 5608594213521936907 16 18177 18184 650
span 13483632727227880198 16 18224 18469 653
span 6049462971595754143 16 18269 18276 654
span 1225603007517035484 16 18324 18377 657
span 10739831526907265381 16 18334 18377 657
span 4957245871609553340 16 18324 18331 657
span 10655392031027342947 16 18384 18463 658
span 9097387639107917425 16 18427 18434 659
span 8697815464519698671 16 18474 18719 662
span 13645577187867764056 16 18519 18526 663
span 1613519930500190941 16 18574 18627 666
span 17519957726123697239 16 18584 18627 666
span 8701040475182595873 16 18574 18581 666
span 10141797813505186143 16 18634 18713 667
span 2124663290427910901 16 18677 18684 668
span 11475667123340508351 16 18724 18969 671
span 7228184177769747952 16 18769 18776 672
span 14341565664337357177 16 18824 18877 675
span 17179763270656696001 16 18834 18877 675
span 6293559221942011861 16 18824 18831 675
span 15623919327777946281 16 18884 18963 676
span 5768650228397367085 16 18927 18934 677
span 2942955558189172055 16 18974 19219 680
span 14814048939195294524 16 19019 19026 681
span 5168050067798157756 16 19074 19127 684
span 6961602017686834884 16 19084 19127 684
span 7535292679243945828 16 19074 19081 684
span 12296735941557335070 16 19134 19213 685
span 13686852320207380491 16 19177 19184 686
span 2653636619589547684 16 19224 19469 689
span 5838224671009540116 16 19269 19276 690
span 1152291029992555304 16 19324 19377 693
span 9050138073022243121 16 19334 19377 693
span 7982221329162541518 16 19324 19331 693
span 12529493742137314854 16 19384 19463 694
span 16527503253196781867 16 19427 19434 695
span 7810200593356878394 16 19474 19719 698
span 10827996799295795893 16 19519 19526 699
span 18165231013562734253 16 19574 19627 702
span 13732276638520062911 16 19584 19627 702
span 17782195358394239007 16 19574 19581 702
span 10327102780085427166 16 19634 19713 703
span 6742319672716503004 16 19677 19684 704
span 11410622933415597292 16 19724 19969 707
span 2305807957893024939 16 19769 19776 708
span 18021875148714338280 16 19824 19877 711
span 8980745752400622138 16 19834 19877 711
span 6587980348666363537 16 19824 19831 711
span 8431878056012089749 16 19884 19963 712
span 4171338916366318850 16 19927 19934 713
span 14316535667971297204 16 19974 20219 716
span 16208181840536858151 16 20019 20026 717
span 4911666965674967567 16 20074 20127 720
span 6007391628550480240 16 20084 20127 720
span 14967949668177653558 16 20074 20081 720
span 13696451211103059754 16 20134 20213 721
span 11205041370922158674 16 20177 20184 722
span 18137246888227243694 16 20224 20469 725
span 4346526073071874635 16 20269 20276 726
span 17182558001826013988 16 20324 20377 729
span 5396600287348739060 16 20334 20377 729
span 15758655659570574226 16 20324 20331 729
span 13580991007433631978 16 20384 20463 730
span 3110307919792555976 16 20427 20434 731
span 15251874443113262860 16 20474 20719 734
span 14007245113754992908 16 20519 20526 735
span 5523046614316888350 16 20574 20627 738
span 18129768874792014701 16 20584 20627 738
span 6422306737481037097 16 20574 20581 738
span 286488413898975640 16 20634 20713 739
span 15041465395628214266 16 20677 20684 740
span 10558098080450620759 16 20724 20969 743
span 11682653079633843837 16 20769 20776 744
span 3660389622477090466 16 20824 20877 747
span 17470715394560658076 16 20834 20877 747
span 5201991770372351335 16 20824 20831 747
span 17559732152471535902 16 20884 20963 748
span 16147991510475209807 16 20927 20934 749
span 993775118403667443 16 20974 21219 752
span 145260014946233119 16 21019 21026 753
span 9791939820237625800 16 21074 21127 756
span 2744017466140119660 16 21084 21127 756
span 15574385408532051301 16 21074 21081 756
span 13658919625464309480 16 21134 21213 757
span 1588662628598291045 16 21177 21184 758
span 3653084624884242255 16 21224 21469 761
span 120027664290487105 16 21269 21276 762
span 15678416386093152845 16 21324 21377 765
span 3160262488540376173 16 21334 21377 765
span 4642379093582159910 16 21324 21331 765
span 11509463227292104995 16 21384 21463 766
span 10948258406977218016 16 21427 21434 767
span 12173618845493397563 16 21474 21719 770
span 14774911712894867628 16 21519 21526 771
span 5687646712184855167 16 21574 21627 774
span 15096557088273510680 16 21584 21627 774
span 7563799286186083714 16 21574 21581 774
span 3501746671641258194 16 21634 21713 775
span 4135006981481177211 16 21677 21684 776
span 6906447870365119278 16 21724 21969 779
span 1695260078406933326 16 21769 21776 780
span 14993501302632792709 16 21824 21877 783
span 6672466344460182237 16 21834 21877 783
span 14027296020276105050 16 21824 21831 783
span 12787122573526664898 16 21884 21963 784
span 13702652613108439885 16 21927 21934 785
span 17422757540150837775 16 21974 22219 788
span 8885554861304859317 16 22019 22026 789
span 1818303639297689972 16 22074 22127 792
span 14420195526697764004 16 22084 22127 792
span 3914746702693966949 16 22074 22081 792
span 3815653222418032932 16 22134 22213 793
span 7321074252212733969 16 22177 22184 794
span 9983985946548702483 16 22224 22469 797
span 13080752241184021964 16 22269 22276 798
span 5927166866447471643 16 22324 22377 801
span 16567832490596539552 16 22334 22377 801
span 14155538266759301592 16 22324 22331 801
span 5018834539047693435 16 22384 22463 802
span 8615621626516305125 16 22427 22434 803
span 3728769937309091392 16 22479 22532 807
span 2697318908749172279 16 22489 22532 807
span 5338536512725097969 16 22479 22486 807
span 16151160227663926724 16 22537 22778 808
span 4098041926796547821 16 22578 22585 809
span 1847154257819270427 16 22633 22686 812
span 18371830671427843410 16 22643 22686 812
span 14129462957655401680 16 22633 22640 812
span 12274849668986104368 16 22693 22772 813
span 3258084136102229237 16 22736 22743 814
span 14152717634456246368 16 22785 22803 818
span 6318062509081557367 16 22818 22836 819
span 7964735378466157881 16 22853 22871 820
span 17164026386101617928 16 22888 22906 821
