hhds_srcmap 1
file 0 dino2/verilog/PipelinedDualIssueCPU.sv
filehash 0 10126870695996021854
filelines 0 656 0 38 68 91 114 147 178 208 245 276 309 340 370 405 438 472 506 536 569 572 573 607 641 697 756 812 871 917 964 1013 1059 1106 1155 1212 1268 1327 1384 1440 1499 1546 1597 1641 1684 1733 1778 1825 1876 1920 1963 2012 2067 2122 2176 2230 2286 2344 2406 2464 2520 2575 2633 2688 2743 2797 2851 2907 2965 3027 3085 3141 3196 3254 3293 3341 3385 3431 3477 3521 3560 3608 3652 3698 3744 3788 3836 3875 3919 3967 4006 4050 4088 4122 4160 4198 4237 4275 4320 4365 4410 4455 4491 4526 4562 4598 4644 4690 4730 4770 4809 4848 4886 4924 4964 5006 5052 5091 5130 5172 5214 5253 5292 5330 5368 5408 5450 5496 5535 5574 5616 5658 5703 5748 5793 5838 5874 5914 5954 5995 6013 6100 6187 6212 6232 6274 6288 6340 6354 6407 6421 6474 6488 6528 6542 6582 6596 6623 6637 6664 6679 6706 6718 6739 6766 6786 6828 6842 6896 6910 6965 6979 7034 7048 7090 7104 7146 7160 7189 7203 7232 7247 7276 7288 7309 7336 7356 7398 7412 7466 7480 7509 7523 7578 7592 7647 7661 7703 7717 7759 7773 7802 7817 7846 7858 7879 7906 7926 7968 7982 8036 8050 8079 8093 8148 8162 8217 8231 8273 8287 8329 8343 8372 8387 8416 8428 8449 8479 8524 8563 8604 8634 8679 8718 8759 8791 8806 8825 8862 8874 8912 8953 8995 9034 9042 9051 9085 9112 9145 9174 9203 9229 9272 9316 9364 9412 9460 9465 9501 9534 9601 9668 9735 9781 9799 9851 9906 9973 10040 10107 10153 10171 10223 10278 10335 10392 10449 10505 10510 10536 10598 10646 10694 10741 10788 10837 10888 10943 10991 11039 11090 11140 11145 11171 11233 11281 11329 11376 11423 11472 11523 11578 11626 11674 11725 11775 11780 11816 11867 11914 11919 11955 12006 12053 12058 12090 12151 12212 12273 12334 12398 12449 12454 12486 12547 12608 12669 12730 12794 12845 12850 12868 12920 12935 13021 13036 13090 13113 13171 13215 13294 13335 13340 13358 13410 13425 13513 13528 13582 13605 13663 13707 13786 13827 13832 13862 13877 13913 13965 14019 14036 14072 14126 14182 14260 14340 14355 14391 14442 14495 14506 14596 14608 14644 14684 14726 14778 14822 14864 14869 14908 14974 15040 15106 15172 15238 15308 15374 15444 15510 15580 15646 15716 15772 15828 15884 15939 15944 15975 16045 16115 16185 16255 16334 16403 16461 16540 16609 16667 16720 16769 16822 16875 16929 16981 16986 17011 17045 17079 17132 17163 17196 17247 17299 17360 17412 17468 17473 17498 17532 17566 17619 17658 17712 17763 17815 17876 17928 17984 17989 18016 18050 18084 18136 18192 18245 18303 18361 18418 18469 18521 18582 18639 18698 18757 18813 18818 18845 18879 18913 18965 19021 19074 19132 19190 19247 19298 19350 19411 19468 19527 19586 19642 19647 19679 19722 19765 19826 19887 19947 20007 20069 20133 20201 20265 20326 20387 20451 20511 20588 20665 20741 20817 20895 20975 21059 21139 21217 21294 21373 21378 21410 21453 21496 21557 21618 21678 21738 21800 21864 21932 21996 22057 22118 22182 22242 22319 22396 22472 22548 22626 22706 22790 22870 22948 23025 23104 23109 23137 23173 23209 23230 23284 23324 23358 23400 23490 23572 23635 23694 23748 23810 23876 23935 23993 24057 24099 24104 24132 24168 24204 24225 24279 24319 24353 24395 24485 24566 24629 24688 24742 24804 24870 24929 24987 25051 25110 25115 25148 25187 25226 25300 25373 25449 25506 25581 25655 25731 25736 25769 25808 25847 25921 25994 26070 26127 26202 26276 26352 26357 26386 26420 26454 26499 26559 26621 26680 26740 26801 26806 26835 26869 26903 26948 27008 27070 27129 27189 27250 27255 27289 27328 27367 27441 27518 27592 27668 27673 27707 27746 27785 27859 27936 28010 28086 28091 28122 28153 28180 28214 28254 28295 28320 28354 28407 28461 28490 28524 28568 28613 28640 28674 28730 28787 28815 28849 28902 28956 28984 29018 29067 29117 29141 29175 29224 29274 29284 29285
file 1 dino2/verilog/StageReg_12.sv
filehash 1 16423035376094910154
filelines 1 27 0 38 58 74 90 120 153 185 219 222 223 248 276 308 329 362 398 406 421 469 523 531 558 610 668 678 679
file 2 dino2/verilog/StageReg_10.sv
filehash 2 10760325324011746842
filelines 2 33 0 38 58 81 104 136 169 204 238 273 309 312 313 340 368 398 430 451 480 510 542 550 565 603 643 687 695 722 764 808 856 866 867
file 3 dino2/verilog/Control.sv
filehash 3 13677507085435241787
filelines 3 64 0 38 54 80 105 130 154 178 204 232 264 289 314 342 369 372 373 415 457 500 542 585 628 671 714 757 800 844 889 905 995 1040 1087 1149 1195 1273 1346 1365 1441 1496 1515 1532 1545 1560 1577 1665 1728 1751 1831 1867 1880 1931 1958 2036 2115 2161 2184 2243 2328 2354 2377 2457 2467 2468
file 4 dino2/verilog/ALU.sv
filehash 4 5600396198440927061
filelines 4 70 0 38 50 80 107 134 160 163 164 190 261 329 416 484 551 628 648 678 693 736 751 803 818 838 864 923 966 981 1001 1027 1086 1148 1163 1183 1209 1268 1305 1320 1363 1378 1421 1436 1456 1482 1539 1576 1591 1611 1637 1702 1739 1754 1824 1839 1885 1900 1971 1986 2039 2054 2107 2122 2175 2190 2217 2229 2250 2282 2292 2293
file 5 dino2/verilog/ALUControl.sv
filehash 5 16228690043011431351
filelines 5 41 0 38 57 82 107 133 159 187 215 218 219 242 262 284 298 318 357 391 455 469 510 524 550 564 590 604 630 644 664 697 731 800 814 840 855 881 893 914 967 977 978
file 6 dino2/verilog/DualIssueIssueUnit.sv
filehash 6 12994607352638645154
filelines 6 74 0 38 39 112 131 150 186 208 233 255 284 285 374 403 432 488 520 555 587 626 653 676 699 722 747 774 805 836 867 870 871 917 974 1031 1087 1145 1203 1261 1319 1391 1465 1521 1554 1580 1657 1714 1793 1854 1937 2024 2055 2128 2200 2275 2344 2435 2510 2530 2564 2629 2664 2723 2748 2766 2776 2805 2835 2856 2947 3023 3111 3174 3184 3185
file 7 dino2/verilog/DualIssueForwardingUnit.sv
filehash 7 8447482172088386048
filelines 7 61 0 38 70 102 134 166 198 230 262 294 326 357 388 419 450 484 518 552 585 588 589 618 696 709 791 808 892 913 1001 1026 1052 1081 1159 1172 1254 1271 1355 1376 1464 1489 1515 1544 1622 1635 1717 1734 1818 1839 1929 1953 1982 2060 2073 2155 2172 2256 2277 2367 2391 2401 2402
file 8 dino2/verilog/StageReg.sv
filehash 8 7613505582722196380
filelines 8 41 0 38 55 78 101 136 162 193 219 245 282 310 342 345 346 376 397 423 455 476 508 531 558 566 581 607 641 666 676 707 753 781 791 866 874 901 949 979 1019 1029 1030
file 9 dino2/verilog/DualIssueRegisterFile.sv
filehash 9 15487902702467785997
filelines 9 563 0 38 68 91 126 161 196 232 262 297 332 367 403 433 469 505 541 576 579 580 602 624 646 668 690 712 734 756 778 800 823 846 869 892 915 938 961 984 1007 1030 1053 1076 1099 1122 1145 1168 1191 1214 1237 1260 1283 1306 1331 1351 1381 1397 1425 1441 1469 1485 1513 1529 1557 1573 1601 1617 1645 1661 1689 1705 1733 1749 1777 1793 1821 1837 1866 1882 1911 1927 1956 1972 2001 2017 2046 2062 2091 2107 2136 2152 2181 2197 2226 2242 2271 2287 2316 2332 2361 2377 2406 2422 2451 2467 2496 2512 2541 2557 2586 2602 2631 2647 2676 2692 2721 2737 2766 2781 2810 2822 2843 2870 2890 2920 2936 2966 2982 3012 3028 3058 3074 3104 3120 3150 3166 3196 3212 3242 3258 3288 3304 3334 3350 3380 3396 3427 3443 3474 3490 3521 3537 3568 3584 3615 3631 3662 3678 3709 3725 3756 3772 3803 3819 3850 3866 3897 3913 3944 3960 3991 4007 4038 4054 4085 4101 4132 4148 4179 4195 4226 4242 4273 4289 4320 4336 4367 4382 4413 4425 4446 4473 4493 4523 4539 4569 4585 4615 4631 4661 4677 4707 4723 4753 4769 4799 4815 4845 4861 4891 4907 4937 4953 4983 4999 5030 5046 5077 5093 5124 5140 5171 5187 5218 5234 5265 5281 5312 5328 5359 5375 5406 5422 5453 5469 5500 5516 5547 5563 5594 5610 5641 5657 5688 5704 5735 5751 5782 5798 5829 5845 5876 5892 5923 5939 5970 5985 6016 6028 6049 6076 6096 6126 6142 6172 6188 6218 6234 6264 6280 6310 6326 6356 6372 6402 6418 6448 6464 6494 6510 6540 6556 6586 6602 6633 6649 6680 6696 6727 6743 6774 6790 6821 6837 6868 6884 6915 6931 6962 6978 7009 7025 7056 7072 7103 7119 7150 7166 7197 7213 7244 7260 7291 7307 7338 7354 7385 7401 7432 7448 7479 7495 7526 7542 7573 7588 7619 7631 7652 7700 7750 7800 7850 7900 7950 8000 8050 8100 8150 8200 8251 8302 8353 8404 8455 8507 8559 8611 8663 8715 8767 8819 8871 8923 8975 9027 9079 9131 9183 9235 9267 9351 9367 9405 9423 9461 9479 9517 9535 9573 9591 9629 9647 9685 9703 9741 9759 9797 9815 9853 9871 9909 9927 9966 9985 10024 10043 10082 10101 10140 10159 10198 10217 10256 10275 10314 10333 10372 10391 10430 10449 10488 10507 10546 10565 10604 10623 10662 10681 10720 10739 10778 10797 10836 10855 10894 10913 10952 10971 11010 11029 11068 11087 11126 11156 11195 11203 11218 11249 11287 11344 11382 11415 11453 11510 11548 11581 11619 11676 11714 11747 11785 11842 11880 11913 11951 12008 12046 12079 12117 12174 12212 12245 12283 12340 12378 12411 12449 12506 12544 12577 12615 12672 12710 12743 12781 12838 12876 12909 12948 13005 13044 13078 13117 13174 13213 13247 13286 13343 13382 13416 13455 13512 13551 13585 13624 13681 13720 13754 13793 13850 13889 13923 13962 14020 14059 14093 14132 14190 14229 14263 14302 14360 14399 14433 14472 14530 14569 14603 14642 14700 14739 14773 14812 14870 14909 14943 14982 15040 15079 15113 15152 15210 15249 15283 15322 15380 15419 15453 15492 15550 15589 15623 15662 15720 15759 15793 15832 15890 15929 15963 16002 16060 16099 16133 16172 16230 16269 16303 16342 16400 16439 16486 16525 16577 16616 16624 16651 16692 16735 16778 16821 16831 16832
file 10 dino2/verilog/StageReg_4.sv
filehash 10 10903737927099339764
filelines 10 82 0 38 57 79 101 137 173 208 243 280 319 362 401 438 474 513 538 576 614 651 688 727 768 813 854 893 931 971 974 975 1006 1037 1067 1097 1129 1163 1201 1235 1267 1298 1332 1364 1385 1418 1451 1483 1515 1549 1585 1625 1661 1695 1728 1764 1772 1787 1847 1907 1965 2029 2091 2163 2237 2303 2371 2431 2497 2505 2532 2584 2636 2686 2736 2790 2848 2914 2972 3026 3078 3136 3146 3147
file 11 dino2/verilog/StageReg_6.sv
filehash 11 16567117960759830396
filelines 11 52 0 38 57 80 103 136 173 203 232 267 298 324 359 398 430 461 498 530 533 534 562 594 619 643 673 699 731 752 782 816 843 868 900 927 935 950 1009 1076 1129 1173 1236 1284 1292 1319 1363 1415 1453 1489 1537 1577 1587 1588
file 12 dino2/verilog/StageReg_2.sv
filehash 12 4715428410420907783
filelines 12 52 0 38 57 80 103 129 164 195 228 261 292 318 346 383 416 451 486 518 521 522 543 573 599 627 655 681 713 734 757 789 817 847 877 904 912 927 972 1035 1090 1149 1208 1256 1264 1291 1321 1369 1409 1453 1497 1537 1547 1548
file 13 dino2/verilog/StageReg_8.sv
filehash 13 2513724166752328479
filelines 13 34 0 38 57 79 101 138 174 213 238 277 315 355 358 359 391 422 456 488 509 543 576 612 620 635 703 763 829 837 864 918 970 1028 1038 1039
file 14 dino2/verilog/ImmediateGenerator.sv
filehash 14 14456789649578091524
filelines 14 41 0 38 65 97 124 127 128 150 183 248 285 354 395 438 478 515 555 578 623 693 742 793 837 885 932 963 1015 1093 1150 1209 1265 1320 1381 1467 1532 1622 1691 1766 1817 1827 1828
file 15 dino2/verilog/DualIssueHazardUnit.sv
filehash 15 1112362384406818862
filelines 15 38 0 38 66 98 130 162 194 232 265 302 340 373 410 441 468 499 530 562 592 595 596 667 681 707 788 872 900 981 1066 1114 1158 1194 1234 1285 1330 1374 1384 1385
file 16 dino2/verilog/DualIssueNextPC.sv
filehash 16 17224066414897242152
filelines 16 29 0 38 62 89 118 145 172 199 222 246 278 305 330 333 334 348 415 506 593 662 683 697 778 801 868 928 983 993 994
span 5641798902762550026 0 27269 27269 608
span 11461402333520556677 1 229 229 11
span 5170218788389435318 1 254 254 12
span 11396100227861245348 1 194 194 8
span 2512370367248256431 1 162 162 7
span 15310803819521132268 1 312 530 14
span 17972148474135833715 1 368 397 16
span 1790204908486525455 1 335 361 15
span 124175893931399012 1 475 522 20
span 11566440725291154959 1 427 468 19
span 7390050347880052353 1 567 608 23
span 17069045406106099106 1 619 666 24
span 10646932218932120617 0 26371 26371 588
span 16608772026163986105 2 326 326 13
span 4037425956129678596 2 353 353 14
span 7142341530843167985 2 381 381 15
span 50537205540015964 2 254 254 9
span 5648914693325544142 2 289 289 10
span 5767219482224269657 2 220 220 8
span 17226242972742248427 2 434 694 17
span 13362527729593752994 2 486 509 19
span 6411717302393411001 2 516 541 20
span 3749350037880448275 2 457 479 18
span 12290387456094426028 2 609 642 24
span 1286511557128973170 2 649 686 25
span 12944907137372391405 2 571 602 23
span 15693854390455363767 2 731 762 28
span 12919978991227393646 2 773 806 29
span 5420314805971379563 2 817 854 30
span 6462488858930797873 0 10520 10520 277
span 5347717571253142474 3 380 380 17
span 4875882368872062646 3 120 120 5
span 13211160279644073893 3 193 193 8
span 2773617938181272 3 95 95 4
span 86831564817835823 3 219 219 9
span 6487591671650492720 3 279 279 11
span 3838808774981481707 3 329 329 13
span 7110464435597626757 3 247 247 10
span 18153784103150360268 3 145 145 6
span 18233722993036172692 3 169 169 7
span 8739546017946176516 3 304 304 12
span 17793006506048873036 3 357 357 14
span 13820798990774788360 3 422 422 18
span 12159224273207875639 3 464 464 19
span 7196633881603911306 3 507 507 20
span 16702833034431828954 3 549 549 21
span 2506050085125076942 3 592 592 22
span 8733377631599461919 3 635 635 23
span 14996995212272787653 3 678 678 24
span 12738769058990717993 3 721 721 25
span 11651146575172318042 3 764 764 26
span 5520528342435343953 3 807 807 27
span 14678469962210613634 3 851 851 28
span 2372941480166094662 3 896 896 29
span 422489140645174161 3 1002 1002 31
span 4964229731640461162 3 1047 1047 32
span 1998450899813875121 3 1094 1094 33
span 7323562018328856537 3 1156 1156 34
span 44318727552578888 3 1204 1271 35
span 9502027127732819546 3 1282 1344 36
span 13395773469322294205 3 1355 1494 37
span 4861445939185407951 3 1505 1663 40
span 3078497703997359381 3 1674 1726 46
span 16514771308411879164 3 1737 1929 47
span 3237739239473148143 3 1940 2034 52
span 3796403937175181894 3 2045 2113 54
span 17161765492059530118 3 2124 2159 55
span 3972606292499590231 3 2170 2352 56
span 11929804298726803393 3 2363 2455 60
span 598996413312655679 0 12856 12856 329
span 17527499316046232671 4 205 205 10
span 11712870036842239509 4 276 276 11
span 3106351559218904639 4 344 344 12
span 2659352846189444915 4 431 431 13
span 3216745671568522666 4 499 499 14
span 15043902372507411110 4 566 566 15
span 13318412121701504047 4 150 150 6
span 6438789370080496765 4 652 2228 17
span 11036586015843520461 4 701 735 19
span 15919749675571564461 4 179 179 9
span 6174459872072144157 4 759 802 21
span 7116232562418100388 4 826 965 23
span 7544581073291318171 4 989 1147 28
span 7351549115088581991 4 1171 1304 33
span 4342846061341071397 4 1328 1362 38
span 13443775236360370075 4 1386 1420 40
span 13049073822268406183 4 1444 1575 42
span 7729991530541573147 4 1599 1738 47
span 11292955569748707544 4 1762 1823 52
span 6924002438882817615 4 1847 1884 54
span 9427005391680911029 4 1908 1970 56
span 4900932776586255259 4 1994 2038 58
span 2568256997211059851 4 2062 2106 60
span 5312724078502036958 4 2130 2174 62
span 15074338015280185672 4 2198 2216 64
span 15755958037356530363 4 2259 2280 67
span 8443220166337189656 0 12071 12071 313
span 4215150168622237064 5 202 202 8
span 11388898696393502031 5 266 892 13
span 10483407327493630586 5 306 454 15
span 8794725666538777930 5 231 231 11
span 12911639697245746694 5 477 509 20
span 1366897080296314789 5 532 549 22
span 11942297080393080933 5 572 589 24
span 14389375158930362258 5 612 629 26
span 8616965670640563167 5 652 799 28
span 1320706713396833205 5 822 839 33
span 9783929539037889847 5 863 880 35
span 16012002722872420164 5 923 965 38
span 17285838222932338750 0 45 45 2
span 1486041961227783133 0 6009 6009 138
span 3719775384502072467 0 6027 6027 139
span 3846801560738145196 0 3933 3933 87
span 3985290474076416685 0 6114 6114 140
span 8419665225621459309 0 3802 3802 84
span 7672150925241415837 0 770 770 25
span 18307451292589617607 0 1027 1027 30
span 7319797909662591905 0 1073 1073 31
span 3781885615742389738 0 292 292 10
span 1867968026000097417 0 488 488 16
span 15457055341168973473 0 421 421 14
span 13121222422181186876 0 454 454 15
span 16975373689371391939 0 522 522 17
span 4940420239009079617 0 325 325 11
span 16350891380755530092 0 386 386 13
span 9788850520910050774 0 130 130 5
span 566607100017094748 0 163 163 6
span 2765495533331117508 0 621 621 22
span 12100891855838719574 0 655 655 23
span 10083313894744627372 0 885 885 27
span 4572230702245418341 0 931 931 28
span 1741867256795813501 0 587 587 21
span 17473702994203120042 0 9133 9133 246
span 10370937027980157535 0 5852 5852 134
span 15154111297747624539 0 5888 5888 135
span 8129104081600648505 0 5928 5928 136
span 14181354942188116034 0 5968 5968 137
span 3304902196673727746 0 9559 9598 258
span 13013402794262109266 0 9626 9665 259
span 2918560028401622362 0 1120 1120 32
span 11572979454954063201 0 9806 9903 263
span 3201154743823030251 0 826 826 26
span 11771710112034179696 0 9931 9970 265
span 11355303777316335217 0 9998 10037 266
span 2344749392896417721 0 978 978 29
span 1497253737242808537 0 10178 10275 270
span 16127790747943301263 0 711 711 24
span 8923866315489728009 0 9489 9489 256
span 3687093941169975129 0 5672 5672 130
span 8999996315484522309 0 5717 5717 131
span 3780535681033168791 0 5762 5762 132
span 16554882423459376213 0 5807 5807 133
span 15294214500035330512 0 10558 10595 278
span 4658509310398875218 0 5228 5228 119
span 11383519929465582714 0 5267 5267 120
span 7787146976605624059 0 5306 5306 121
span 16203161366965871077 0 5344 5344 122
span 3695022116677182434 0 5382 5382 123
span 4737901528113134392 0 5422 5422 124
span 9752267369969310431 0 5464 5464 125
span 1444614403708412408 0 5510 5510 126
span 13850436803249625294 0 5549 5549 127
span 10039990474046500980 0 5588 5588 128
span 2275645059234672544 0 5630 5630 129
span 14693085254714188180 0 11193 11230 292
span 12238000309003682374 0 11155 11155 291
span 8776990219107001207 0 4784 4784 108
span 17282260411945923359 0 4823 4823 109
span 1353379829197817117 0 4862 4862 110
span 9269799427420055542 0 4900 4900 111
span 11573474914617336524 0 4938 4938 112
span 609703937557873013 0 4978 4978 113
span 1999820618406346491 0 5020 5020 114
span 16273140178910047181 0 5066 5066 115
span 8676228939565555972 0 5105 5105 116
span 3781294634582863872 0 5144 5144 117
span 9042496347954355072 0 5186 5186 118
span 1922307348824508250 0 11801 11801 305
span 9190208968711741190 0 4744 4744 107
span 11162672198216660897 0 11940 11940 309
span 10000406397228974919 0 4704 4704 106
span 7360270380568131021 0 2702 2702 62
span 12449924471689948570 0 2647 2647 61
span 5651343291105210848 0 3574 3574 79
span 2909441028241688363 0 12292 12331 317
span 7916227827057643353 0 3041 3041 68
span 4023127565753206968 0 4658 4658 105
span 8994872260309238473 0 2081 2081 51
span 7975367794669828647 0 2026 2026 50
span 4797699324688792856 0 3307 3307 73
span 14466863262704644180 0 12688 12727 325
span 4766332756952255624 0 2420 2420 57
span 151220025215857011 0 12467 12467 321
span 6714429042825177227 0 4612 4612 104
span 3765256040017454648 0 14932 14971 379
span 14633122832583924870 0 14998 15037 380
span 845457573702373851 0 15064 15103 381
span 1034798678276808016 0 15130 15169 382
span 11280557456958186589 0 1977 1977 49
span 5195267271172267846 0 1454 1454 38
span 4478328133740629458 0 1698 1698 43
span 4340901688049707879 0 1282 1282 35
span 8326772989527919374 0 15468 15507 387
span 8732049221197532649 0 15604 15643 389
span 9657021261675649066 0 14895 14895 378
span 2793751042824565339 0 4289 4289 96
span 6696652532946395516 0 4334 4334 97
span 7765338463974767337 0 4379 4379 98
span 7118283142203162105 0 4424 4424 99
span 15907145517427772661 0 16003 16042 397
span 421338861870747412 0 16073 16112 398
span 8384209277924010210 0 16143 16182 399
span 15826180281863622452 0 16213 16252 400
span 12976109001775995174 0 3099 3099 69
span 6861782614696754848 0 16362 16400 402
span 12131486213585276535 0 1934 1934 48
span 14253357852771733865 0 2478 2478 58
span 17931372221236482569 0 16568 16606 405
span 7828231790566425072 0 1655 1655 42
span 8998281509530044378 0 15966 15966 396
span 7957269155220306803 0 4064 4064 90
span 3865149095200245663 0 4102 4102 91
span 16668149651794319051 0 4136 4136 92
span 2801772953823190171 0 4174 4174 93
span 10399427841252789577 0 4212 4212 94
span 8386859322467641743 0 4251 4251 95
span 11231307009983523514 0 17273 17296 421
span 13478125455329825274 0 16997 16997 414
span 3020470249856751729 0 3981 3981 88
span 15741157582249535504 0 4020 4020 89
span 13771395209655888783 0 17645 17655 430
span 16815731509208474504 0 17789 17812 433
span 17175883202363516230 0 17484 17484 426
span 5962942029394500034 0 3850 3850 85
span 4640577404372400265 0 3889 3889 86
span 5139552333945050662 0 18002 18002 438
span 11281838216053893421 0 3535 3535 78
span 11770022370896512384 0 3622 3622 80
span 4713424599543765079 0 3666 3666 81
span 4903445194693351383 0 3712 3712 82
span 13067201871923244902 0 3758 3758 83
span 17591130158882485361 0 18831 18831 455
span 10003904068901393772 0 3268 3268 72
span 5713389095382487795 0 3355 3355 74
span 16401371279701758487 0 3399 3399 75
span 1499980487258814520 0 3445 3445 76
span 7324013996938125324 0 3491 3491 77
span 4001661323004976865 0 19660 19660 472
span 2072181838507994859 0 2757 2757 63
span 13431432701510836665 0 2811 2811 64
span 6408141468084088179 0 2865 2865 65
span 3545730214062220379 0 2921 2921 66
span 5407722765269359489 0 2979 2979 67
span 11129682087181324625 0 3155 3155 70
span 550528544972523364 0 3210 3210 71
span 3230030405354331949 0 21391 21391 499
span 11268228319498643114 0 2136 2136 52
span 7648768307416916176 0 2190 2190 53
span 12838042047911991134 0 2244 2244 54
span 13977927993680463948 0 2300 2300 55
span 7396070532400602974 0 2358 2358 56
span 9314435370290793632 0 2534 2534 59
span 9584093157103993489 0 2589 2589 60
span 7733212321434063143 0 25128 25128 566
span 14581526428389933058 0 1341 1341 36
span 1690169497526492950 0 1398 1398 37
span 13029557812823017785 0 25749 25749 577
span 15060908594313031240 0 1169 1169 33
span 12978228370299218126 0 1226 1226 34
span 5932126392030793430 0 1792 1792 45
span 18113600840318418569 0 1513 1513 39
span 1249194719555295113 0 26820 26820 598
span 8311288338138103208 0 27687 27687 616
span 10719592898132832024 0 28100 28120 624
span 2221151741501060390 0 1747 1747 44
span 1735143938102828095 0 28304 28459 630
span 3105277181219255548 0 1560 1560 40
span 17925819704699592648 0 1839 1839 46
span 15394722402260947788 0 28470 28611 634
span 17959188029121355803 0 28622 28785 638
span 3348561763577272689 0 28796 28954 642
span 5644578408373185610 0 28965 29115 646
span 6005491184416634785 0 29126 29272 650
span 477141082925974332 0 6236 6717 143
span 13271645768194503337 0 6201 6201 141
span 18416179600798553100 0 6362 6406 147
span 9658992803774819559 0 6429 6473 149
span 7477493366665949385 0 6496 6527 151
span 1573021930609119530 0 6550 6581 153
span 14303458777709216579 0 6604 6622 155
span 17976477924898836649 0 6645 6663 157
span 10411929248853171875 0 6687 6705 159
span 12526013115928923862 0 6790 7287 164
span 17303301493753773876 0 6753 6753 162
span 14190686706848481192 0 6918 6964 168
span 1748019256441566418 0 6987 7033 170
span 7130926707052626201 0 7056 7089 172
span 12131814598801999209 0 7112 7145 174
span 4459698441454839259 0 7168 7188 176
span 1370721468876599665 0 7211 7231 178
span 9014996141469542382 0 7255 7275 180
span 9170160761468608613 0 7360 7857 185
span 10350264144970680166 0 7323 7323 183
span 2471793006732507554 0 7488 7508 189
span 8195750915928453460 0 7531 7577 191
span 12082427804797882563 0 7600 7646 193
span 4805210406823113533 0 7669 7702 195
span 9324453747653036477 0 7725 7758 197
span 10236832500552948445 0 7781 7801 199
span 13842618273280612572 0 7825 7845 201
span 5102755793146027395 0 7930 8427 206
span 11193005671541892124 0 7893 7893 204
span 11835863125275591724 0 8058 8078 210
span 3738005303402707322 0 8101 8147 212
span 10319373634579011897 0 8170 8216 214
span 14987138101077834446 0 8239 8272 216
span 10354245758832274482 0 8295 8328 218
span 1794824556345947743 0 8351 8371 220
span 7823214661074958466 0 8395 8415 222
span 12393921091867174148 0 8795 9084 234
span 2277192182263230277 0 8812 8824 235
span 11681540101435712231 0 8834 9084 236
span 9648358985273310022 0 1611 1611 41
span 14491324521275693143 0 1890 1890 47
span 16813186536038224685 0 8868 8994 237
span 15768505998125581806 0 9004 9084 241
span 16036264123909524415 0 9057 9084 244
span 14536873733901052845 0 12942 13018 332
span 10752407650836979820 0 13043 13291 334
span 17910987988097258386 0 4576 4576 103
span 16888190656501544927 0 13432 13510 344
span 18274118788601573708 0 13535 13783 346
span 11308844840888110906 0 13346 13346 341
span 17468391259866866907 0 4540 4540 102
span 1069680399900155675 0 13884 14016 355
span 9510485563842684078 0 14043 14179 359
span 11553147528823814190 0 14203 14257 362
span 1415547301553004982 0 14281 14337 363
span 13975658987767935796 0 14362 14492 365
span 10457355190307927135 0 14513 14593 369
span 3038157133124674622 0 14615 14723 371
span 8918668848403458497 0 13850 13850 353
span 11454694214601058755 0 4469 4469 100
span 15584583686560566186 0 4505 4505 101
span 14288891474002117190 0 23237 23355 530
span 6417277950007401163 0 23428 23487 534
span 6469753938515049092 0 23518 23569 535
span 3036433289512997876 0 23122 23122 526
span 9139546470577506979 0 24232 24350 550
span 1952525802269828414 0 24423 24482 554
span 17253850140132380274 0 24513 24563 555
span 15543292475880903609 0 24117 24117 546
span 5374519719818700973 6 885 885 31
span 15884150152005444654 6 931 931 32
span 18060578031465725670 6 763 763 25
span 16144198269636846765 6 790 790 26
span 9659435714676210306 6 821 821 27
span 3312670752863012402 6 852 852 28
span 2012676055392953012 6 988 988 33
span 6983095157065386317 6 1045 1045 34
span 13391910786496364898 6 1101 1101 35
span 7305215031439993691 6 1159 1159 36
span 6058288472010238609 6 1217 1217 37
span 4655078306700469810 6 1275 1275 38
span 16484633395683404188 6 1333 1333 39
span 10823196818544872502 6 1405 1405 40
span 6419058560542576711 6 1479 1479 41
span 17861532364484879202 6 1535 1535 42
span 4994641670869998917 6 2844 2945 67
span 6682494045302813984 6 2956 3021 69
span 8536857465211868480 6 3032 3109 70
span 6062132244133956079 6 3120 3172 71
span 7407525190619776083 7 598 1050 21
span 11195166134323565408 7 465 465 15
span 382088346718749454 7 499 499 16
span 2447260479221914707 7 533 533 17
span 4031889153680480658 7 567 567 18
span 5633959230525534802 7 1061 1513 31
span 8496634727666298996 7 1524 1951 41
span 11624414765667508997 7 1962 2389 50
span 3036588299062727584 8 359 359 15
span 240168537635492115 8 389 389 16
span 6482598118433590629 8 410 410 17
span 6529814843572852890 8 261 261 10
span 9785874566981084497 8 326 326 12
span 11766530059423670309 8 298 298 11
span 3179515180679371476 8 459 873 19
span 7948077338663516981 8 482 507 20
span 2947415253601160617 8 537 557 22
span 12571617543510981507 8 514 530 21
span 13049302090691919920 8 587 790 25
span 3345426599172325005 8 615 640 26
span 11978281844153736981 8 649 665 27
span 17259138920117744245 8 687 790 29
span 3145352726915456744 8 715 752 30
span 1758016713769223786 8 761 780 31
span 17180084340532020166 8 797 865 33
span 833477974529039573 8 910 947 36
span 12579808095738942832 8 958 977 37
span 3763833389298333413 8 988 1017 38
span 3217987558776337362 9 594 594 20
span 11620453272091196664 9 616 616 21
span 129652560424562509 9 638 638 22
span 17737155096021498932 9 660 660 23
span 14449568620328620240 9 682 682 24
span 16201032851211065330 9 704 704 25
span 12260281465113551817 9 726 726 26
span 11519754230468713326 9 748 748 27
span 18348182681798587918 9 770 770 28
span 11513913164895573719 9 792 792 29
span 15646387628463565852 9 814 814 30
span 10404497899569322462 9 837 837 31
span 11142893354179051612 9 860 860 32
span 8166739108032821822 9 883 883 33
span 17538090576209522090 9 906 906 34
span 2454754329261346512 9 929 929 35
span 8402990985376316397 9 952 952 36
span 12153205485475509735 9 975 975 37
span 13102037520051445190 9 998 998 38
span 636093753599106254 9 1021 1021 39
span 13540958713891919624 9 1044 1044 40
span 11582393069350788912 9 1067 1067 41
span 2798745836865097309 9 1090 1090 42
span 5426152205764124746 9 1113 1113 43
span 17939301502911159748 9 1136 1136 44
span 10317537132156518134 9 1159 1159 45
span 16968521945454140025 9 1182 1182 46
span 13680420851490737817 9 1205 1205 47
span 14098371200291432188 9 1228 1228 48
span 967305399164023479 9 1251 1251 49
span 13729393213087127856 9 1274 1274 50
span 5939483531325127082 9 1297 1297 51
span 11652954462188251267 9 449 449 14
span 3799689722348704702 9 485 485 15
span 13577286034074896528 9 521 521 16
span 9337917262118960036 9 557 557 17
span 17701805731631117767 9 1355 2821 54
span 5154212748343344716 9 1320 1320 52
span 3516179807707387327 9 1449 1468 58
span 7819641521404250570 9 1493 1512 60
span 6114730933465222372 9 1537 1556 62
span 16052360349877539103 9 1581 1600 64
span 14225206068364087363 9 1625 1644 66
span 269504931649892432 9 1669 1688 68
span 17942833702538627112 9 1713 1732 70
span 5301603040445501903 9 1757 1776 72
span 4438762652932342381 9 1801 1820 74
span 2982016865282613624 9 1845 1865 76
span 9253939924023673703 9 1890 1910 78
span 13079022964491757743 9 1935 1955 80
span 8121846638778933288 9 1980 2000 82
span 7847719525205255028 9 2025 2045 84
span 7400583448895492965 9 2070 2090 86
span 15115297615384535243 9 2115 2135 88
span 16649428329030397162 9 2160 2180 90
span 7525827213062863954 9 2205 2225 92
span 8918738233964049453 9 2250 2270 94
span 7658815480938589520 9 2295 2315 96
span 3459852098850015667 9 2340 2360 98
span 379100993267377061 9 2385 2405 100
span 3393145102133669260 9 2430 2450 102
span 11428129455590527258 9 2475 2495 104
span 12539510429475030616 9 2520 2540 106
span 11750973990521070001 9 2565 2585 108
span 1046379622420035266 9 2610 2630 110
span 4396246101091580821 9 2655 2675 112
span 1709210532852931137 9 2700 2720 114
span 15063631008665936439 9 2745 2765 116
span 9522534735122410447 9 2789 2809 118
span 3754535904148555591 9 2894 4424 123
span 16393047643922095022 9 2857 2857 121
span 11864794849351124758 9 2990 3011 127
span 16460564711484946885 9 3036 3057 129
span 15626008561195192957 9 3082 3103 131
span 5046783107188545838 9 3128 3149 133
span 5706784791691911100 9 3174 3195 135
span 11037506684636090944 9 3220 3241 137
span 14626402809637110087 9 3266 3287 139
span 14800047229716234078 9 3312 3333 141
span 354422887965339098 9 3358 3379 143
span 7842365702939822604 9 3404 3426 145
span 6387986904338690670 9 3451 3473 147
span 3756478800973789591 9 3498 3520 149
span 15358926954809190088 9 3545 3567 151
span 5983681666959137069 9 3592 3614 153
span 11839140655102555654 9 3639 3661 155
span 16386772289346297241 9 3686 3708 157
span 12340910100328303047 9 3733 3755 159
span 2163606811435506270 9 3780 3802 161
span 9580480192668741458 9 3827 3849 163
span 13215677742318405872 9 3874 3896 165
span 2288953559242934071 9 3921 3943 167
span 3369544292995089643 9 3968 3990 169
span 5537820870202540377 9 4015 4037 171
span 1717125285921100071 9 4062 4084 173
span 6444527031861700554 9 4109 4131 175
span 11569137736882254019 9 4156 4178 177
span 11367227188300135028 9 4203 4225 179
span 14560840006407347741 9 4250 4272 181
span 8935117293866299958 9 4297 4319 183
span 5354602783492199127 9 4344 4366 185
span 219892616104421882 9 4390 4412 187
span 960289160856036317 9 4497 6027 192
span 9947869423808324978 9 4460 4460 190
span 14258730274363495896 9 4593 4614 196
span 14811791662230749843 9 4639 4660 198
span 16902711313965965403 9 4685 4706 200
span 4187054908357672461 9 4731 4752 202
span 1629499767883734774 9 4777 4798 204
span 13387238596034407554 9 4823 4844 206
span 15151814698307739877 9 4869 4890 208
span 3288473328551470672 9 4915 4936 210
span 3240824830500079520 9 4961 4982 212
span 2046293524839312637 9 5007 5029 214
span 9740124281393551635 9 5054 5076 216
span 17519207562285852361 9 5101 5123 218
span 17720848897007653765 9 5148 5170 220
span 887351679349142313 9 5195 5217 222
span 5349490670719020804 9 5242 5264 224
span 4815541213515625616 9 5289 5311 226
span 16104115775818813197 9 5336 5358 228
span 57106760728703731 9 5383 5405 230
span 10142608186263945429 9 5430 5452 232
span 1882591629011870725 9 5477 5499 234
span 232625532708594228 9 5524 5546 236
span 8778448256041052051 9 5571 5593 238
span 9240891607558204228 9 5618 5640 240
span 1214728466917728219 9 5665 5687 242
span 8883627725671194042 9 5712 5734 244
span 17691883458593782343 9 5759 5781 246
span 10474514560645697059 9 5806 5828 248
span 14899620462892056780 9 5853 5875 250
span 5449080123512578016 9 5900 5922 252
span 6853089629150178502 9 5947 5969 254
span 12869773729110837934 9 5993 6015 256
span 3042321042451727851 9 6100 7630 261
span 12340913679314415646 9 6063 6063 259
span 9356135632438054081 9 6196 6217 265
span 7412543634438698803 9 6242 6263 267
span 4365576662284640798 9 6288 6309 269
span 3381235515439538045 9 6334 6355 271
span 17108121583733565428 9 6380 6401 273
span 6968856542577587995 9 6426 6447 275
span 14931780487653338874 9 6472 6493 277
span 8634889780614474118 9 6518 6539 279
span 8750932885527870581 9 6564 6585 281
span 469831577819731687 9 6610 6632 283
span 12376577361675623209 9 6657 6679 285
span 15924100131771964060 9 6704 6726 287
span 1173567152402796592 9 6751 6773 289
span 13448575818542388614 9 6798 6820 291
span 16620884736653403377 9 6845 6867 293
span 9620273702931555596 9 6892 6914 295
span 13536365251381315065 9 6939 6961 297
span 9884408925093791483 9 6986 7008 299
span 14856562409779407512 9 7033 7055 301
span 18126971221596027918 9 7080 7102 303
span 3183522526193970953 9 7127 7149 305
span 9014209344868395611 9 7174 7196 307
span 9879401557620780973 9 7221 7243 309
span 2281631987007321478 9 7268 7290 311
span 2993756265267903882 9 7315 7337 313
span 2554938424803430771 9 7362 7384 315
span 8421069175420014038 9 7409 7431 317
span 3622749900478109417 9 7456 7478 319
span 17745330735803347858 9 7503 7525 321
span 13352864022372955879 9 7550 7572 323
span 7703807541194889640 9 7596 7618 325
span 4316446909777770959 9 7666 7666 328
span 15703351306479649498 9 7714 7714 329
span 189253872215297311 9 7764 7764 330
span 1633798557551040882 9 7814 7814 331
span 2440368285337559182 9 7864 7864 332
span 3840093124983511579 9 7914 7914 333
span 7185686532796448345 9 7964 7964 334
span 1897904469587374327 9 8014 8014 335
span 10638295327976717060 9 8064 8064 336
span 16790343956911158244 9 8114 8114 337
span 5817915491410871889 9 8164 8164 338
span 6079308492113453175 9 8214 8214 339
span 1763725246363887019 9 8265 8265 340
span 12236764670257112007 9 8316 8316 341
span 6302213131994521155 9 8367 8367 342
span 4981605044414235871 9 8418 8418 343
span 17258110227981723074 9 8469 8469 344
span 2977360527130276463 9 8521 8521 345
span 2242153681882065454 9 8573 8573 346
span 16530577021913102751 9 8625 8625 347
span 4924979999794480681 9 8677 8677 348
span 12085573259144861442 9 8729 8729 349
span 5268573866004875314 9 8781 8781 350
span 8953306924346932165 9 8833 8833 351
span 442175624214166439 9 8885 8885 352
span 13636657256671628119 9 8937 8937 353
span 17468157052007922026 9 8989 8989 354
span 5711723744183994168 9 9041 9041 355
span 4783719809868961599 9 9093 9093 356
span 2332081394388010803 9 9145 9145 357
span 10377158850227821844 9 9197 9197 358
span 2928566124584980244 9 9271 16623 360
span 391697993314234776 9 9357 9404 361
span 16910309343160490051 9 9375 9404 362
span 6836101888443377167 9 9411 9460 363
span 15312278219444534408 9 9431 9460 364
span 13728020113602368853 9 9467 9516 365
span 16952379124279770916 9 9487 9516 366
span 11866647371301124109 9 9523 9572 367
span 779507912677251709 9 9543 9572 368
span 6922741638516712765 9 9579 9628 369
span 8388438871261934366 9 9599 9628 370
span 3375528144973623257 9 9635 9684 371
span 9792886217661123387 9 9655 9684 372
span 8520106953839779173 9 9691 9740 373
span 12594887956362715218 9 9711 9740 374
span 8589432653557719320 9 9747 9796 375
span 13007084907342487822 9 9767 9796 376
span 7057100107241751920 9 9803 9852 377
span 970979620275812006 9 9823 9852 378
span 17041977695473892942 9 9859 9908 379
span 14071322270326891452 9 9879 9908 380
span 4189960702104389588 9 9915 9965 381
span 15953309988292159402 9 9935 9965 382
span 8125842828163479568 9 9972 10023 383
span 1552838738261471204 9 9993 10023 384
span 8927753694515438332 9 10030 10081 385
span 16217671627199535760 9 10051 10081 386
span 3611135848377545519 9 10088 10139 387
span 7804447816342258845 9 10109 10139 388
span 17742424343178182190 9 10146 10197 389
span 14999068396753111761 9 10167 10197 390
span 2591607164623255112 9 10204 10255 391
span 17288564081503345723 9 10225 10255 392
span 14207094194480098942 9 10262 10313 393
span 7929599295671562362 9 10283 10313 394
span 15693886343993739654 9 10320 10371 395
span 9001987903127697955 9 10341 10371 396
span 12855513606843178883 9 10378 10429 397
span 14038623483846297225 9 10399 10429 398
span 8860796545482900497 9 10436 10487 399
span 6038081820956737324 9 10457 10487 400
span 13823442104052806658 9 10494 10545 401
span 7037331300335195990 9 10515 10545 402
span 12092656352926888752 9 10552 10603 403
span 14838748988175316921 9 10573 10603 404
span 9292339170872186630 9 10610 10661 405
span 4734619902821981027 9 10631 10661 406
span 3021028485751963795 9 10668 10719 407
span 5673394347492068782 9 10689 10719 408
span 1590347023108789566 9 10726 10777 409
span 4463086947144155259 9 10747 10777 410
span 7276494604235789088 9 10784 10835 411
span 8055408830676786339 9 10805 10835 412
span 7378727314319195515 9 10842 10893 413
span 4353798001242046470 9 10863 10893 414
span 10999965218614877591 9 10900 10951 415
span 14781746369112827312 9 10921 10951 416
span 2407334107423434017 9 10958 11009 417
span 14396475110841695961 9 10979 11009 418
span 12012593856280723974 9 11016 11067 419
span 13971743393924758355 9 11037 11067 420
span 6409358307401877871 9 11074 11125 421
span 2429685671869827864 9 11095 11125 422
span 541556005574266936 9 11132 11194 423
span 4776234261720826210 9 11164 11194 424
span 17843635375983942478 9 11224 11381 427
span 7722907654499007450 9 11257 11286 428
span 4698847581169080667 9 11298 11381 429
span 15432589792303379915 9 11352 11381 430
span 13503055829735023219 9 11388 11547 431
span 16012374932201021438 9 11423 11452 432
span 3231861773649490894 9 11464 11547 433
span 17989628754445001311 9 11518 11547 434
span 4182548345428706545 9 11554 11713 435
span 482892026312273011 9 11589 11618 436
span 6359612037835379608 9 11630 11713 437
span 14190458814041438691 9 11684 11713 438
span 14402467786796552819 9 11720 11879 439
span 3028650896684164254 9 11755 11784 440
span 8579894095183897538 9 11796 11879 441
span 463680149091710154 9 11850 11879 442
span 5659527106588092065 9 11886 12045 443
span 6202245136934526205 9 11921 11950 444
span 13806323346537974297 9 11962 12045 445
span 4227073869163960637 9 12016 12045 446
span 6191015903565529595 9 12052 12211 447
span 3425899479690071276 9 12087 12116 448
span 10552176727735937920 9 12128 12211 449
span 8372994460481001387 9 12182 12211 450
span 17108743565681569081 9 12218 12377 451
span 16613352439874024252 9 12253 12282 452
span 3559646028519571062 9 12294 12377 453
span 2595745748594951607 9 12348 12377 454
span 12970776136772357366 9 12384 12543 455
span 2013233952794596193 9 12419 12448 456
span 7128783047666503439 9 12460 12543 457
span 2119975133183670910 9 12514 12543 458
span 1558479251554531239 9 12550 12709 459
span 10905997876697068 9 12585 12614 460
span 11446250513372720749 9 12626 12709 461
span 14217264516082012954 9 12680 12709 462
span 2049696677800312210 9 12716 12875 463
span 8350190848073964354 9 12751 12780 464
span 15717540806156498330 9 12792 12875 465
span 4022238449517416021 9 12846 12875 466
span 14942510203674705578 9 12882 13043 467
span 17761332689284191214 9 12917 12947 468
span 3321924162550849955 9 12959 13043 469
span 9295706500795114042 9 13013 13043 470
span 7110468546963693796 9 13050 13212 471
span 979795281340608245 9 13086 13116 472
span 10813322910849475608 9 13128 13212 473
span 12736790253507645444 9 13182 13212 474
span 5054228706396316863 9 13219 13381 475
span 492448271262864325 9 13255 13285 476
span 1521377064466045142 9 13297 13381 477
span 17691072832409903376 9 13351 13381 478
span 3170889818277918352 9 13388 13550 479
span 3106906164698459477 9 13424 13454 480
span 13981967598864739483 9 13466 13550 481
span 16841303770936731311 9 13520 13550 482
span 6014178026569895629 9 13557 13719 483
span 11013556323188729931 9 13593 13623 484
span 16854914837664832137 9 13635 13719 485
span 8024898056772281185 9 13689 13719 486
span 3156758134023417369 9 13726 13888 487
span 6426609739420299803 9 13762 13792 488
span 6353373629095398713 9 13804 13888 489
span 11286096239821339535 9 13858 13888 490
span 287144731309414687 9 13895 14058 491
span 5310810946133114240 9 13931 13961 492
span 2224166152184717132 9 13973 14058 493
span 7283177028356528010 9 14028 14058 494
span 14520298190386942020 9 14065 14228 495
span 18105902219016292808 9 14101 14131 496
span 3587338616269228570 9 14143 14228 497
span 2100717894028682844 9 14198 14228 498
span 4598946457951301290 9 14235 14398 499
span 8581575577385531538 9 14271 14301 500
span 18441970579920202721 9 14313 14398 501
span 8490912129688737136 9 14368 14398 502
span 2711134673770666166 9 14405 14568 503
span 15463293362378133147 9 14441 14471 504
span 896044255738340143 9 14483 14568 505
span 16920865276786696363 9 14538 14568 506
span 13920167676871975044 9 14575 14738 507
span 614094395827122161 9 14611 14641 508
span 7559462604183875920 9 14653 14738 509
span 8301450426832116761 9 14708 14738 510
span 2679745039803289635 9 14745 14908 511
span 12376815533219975416 9 14781 14811 512
span 2944567713295173713 9 14823 14908 513
span 1185280495805663584 9 14878 14908 514
span 2048077119266733913 9 14915 15078 515
span 10540273217637740368 9 14951 14981 516
span 8960454110242375151 9 14993 15078 517
span 12252332870820492464 9 15048 15078 518
span 17602638848175799200 9 15085 15248 519
span 7813976117243771507 9 15121 15151 520
span 3812870038608539791 9 15163 15248 521
span 9324226054888566602 9 15218 15248 522
span 17612213102013435507 9 15255 15418 523
span 15370784376186633285 9 15291 15321 524
span 15679759118899723403 9 15333 15418 525
span 7434149225251909862 9 15388 15418 526
span 8489541852050820807 9 15425 15588 527
span 14248703775832316698 9 15461 15491 528
span 5663112904823326702 9 15503 15588 529
span 2196323775879033262 9 15558 15588 530
span 15955186118123285996 9 15595 15758 531
span 9814147895474695526 9 15631 15661 532
span 8628975756259873745 9 15673 15758 533
span 4254745596485234213 9 15728 15758 534
span 6546459020531161580 9 15765 15928 535
span 1674026522132990909 9 15801 15831 536
span 18256085326979054661 9 15843 15928 537
span 5719825072652091906 9 15898 15928 538
span 9744343437600108558 9 15935 16098 539
span 14110302082364843881 9 15971 16001 540
span 3732778851572107990 9 16013 16098 541
span 164873520039594488 9 16068 16098 542
span 1366352772051630557 9 16105 16268 543
span 11362871557269046291 9 16141 16171 544
span 4945182791199566422 9 16183 16268 545
span 9863560676677079971 9 16238 16268 546
span 4305091172309026444 9 16275 16438 547
span 7097136594289716258 9 16311 16341 548
span 4293055220931372726 9 16353 16438 549
span 17317567106260866812 9 16408 16438 550
span 6487504225307891397 9 16445 16615 551
span 6447131732057720869 9 16494 16524 552
span 11451241728845198771 9 16536 16615 553
span 3043779612103193586 9 16585 16615 554
span 5597836197408844341 9 16660 16690 557
span 17883250786383427460 9 16701 16733 558
span 6888487810406687647 9 16744 16776 559
span 10684808491944916523 9 16787 16819 560
span 3289648604777141671 10 987 987 30
span 4364974056877411152 10 1018 1018 31
span 5516358451699318147 10 1049 1049 32
span 16962537837750289241 10 1079 1079 33
span 7591258103161258240 10 1109 1109 34
span 7826473549496691852 10 1141 1141 35
span 8225571682758133938 10 1175 1175 36
span 5413833818099240770 10 1213 1213 37
span 3102050964208994340 10 1247 1247 38
span 5327935741333275397 10 1279 1279 39
span 3178552213134615575 10 1310 1310 40
span 8071876252665454881 10 591 591 18
span 10776789353377631014 10 703 703 21
span 3547505787474880617 10 553 553 17
span 13862166949137766495 10 742 742 22
span 14525066194835289839 10 783 783 23
span 1931744947226841491 10 629 629 19
span 18085397565522824082 10 666 666 20
span 7649975201200830269 10 828 828 24
span 1267305631025738878 10 869 869 25
span 12171484381969224791 10 946 946 27
span 9526726173159369814 10 908 908 26
span 15104297121276267152 10 1368 2504 42
span 17304492295346365869 10 1424 1450 44
span 6313111086342838775 10 1521 1548 47
span 4528123041523795803 10 1391 1417 43
span 17473539606262290179 10 1555 1584 48
span 15468685789460170258 10 1591 1624 49
span 15306004449403789943 10 1457 1482 45
span 5662492949117849570 10 1489 1514 46
span 14832301358916694333 10 1631 1660 50
span 3929079381170770722 10 1667 1694 51
span 17802994850422580503 10 1734 1763 53
span 10232912416859364552 10 1701 1727 52
span 8910080657418612688 10 1793 1846 56
span 9710892431147112627 10 1853 1906 57
span 12296075737491987238 10 1913 1964 58
span 8119786865997802296 10 1971 2028 59
span 1182546486086091083 10 2035 2090 60
span 6921365785816513670 10 2097 2162 61
span 1736094881443493364 10 2169 2236 62
span 10449106561479320497 10 2243 2302 63
span 9873371254144548278 10 2309 2370 64
span 8100601728618945032 10 2377 2430 65
span 14032722632940233089 10 2437 2496 66
span 11291251801203093388 10 2541 2582 69
span 15022805870039271047 10 2593 2634 70
span 12744409538516356370 10 2645 2684 71
span 15273994978663787608 10 2695 2734 72
span 3616307679016126196 10 2745 2788 73
span 5471154190474210955 10 2799 2846 74
span 14364261998213216744 10 2857 2912 75
span 11508760205906270599 10 2923 2970 76
span 6571816720653435823 10 2981 3024 77
span 14218121821253460986 10 3035 3076 78
span 8880362568876727015 10 3087 3134 79
span 7238692217920500223 11 547 547 20
span 18170314262330031654 11 575 575 21
span 6796246176783679657 11 607 607 22
span 16881187935010740618 11 632 632 23
span 5867526520399557376 11 656 656 24
span 7845059939695070706 11 686 686 25
span 10272647887126849744 11 340 340 12
span 9071318169873600168 11 477 477 16
span 3876007274672247361 11 514 514 17
span 9604554011321171913 11 375 375 13
span 13305540226432317870 11 414 414 14
span 10764091650063095832 11 446 446 15
span 15022362873186477233 11 735 1291 27
span 13753559393603960152 11 758 781 28
span 14439254741585568305 11 874 899 32
span 10149726719772122190 11 906 926 33
span 12396108227599808687 11 788 815 29
span 6492797340974558123 11 822 842 30
span 1430655326326573871 11 849 867 31
span 16930498289007096284 11 956 1008 36
span 8247090483146543571 11 1015 1075 37
span 7297388380230138423 11 1082 1128 38
span 12989217945789219938 11 1135 1172 39
span 15718182117963955031 11 1179 1235 40
span 7075504890385854380 11 1242 1283 41
span 5679293087104328723 11 1328 1361 44
span 8436653456143870250 11 1372 1413 45
span 1679858991148704795 11 1424 1451 46
span 15723729090357201291 11 1462 1487 47
span 11473240770605481826 11 1498 1535 48
span 3692153138439570007 11 1546 1575 49
span 8359197219443361443 12 535 535 20
span 15134986255776066487 12 556 556 21
span 4715979515159219582 12 586 586 22
span 12561647582736117594 12 612 612 23
span 370406247816382509 12 640 640 24
span 13966949502490394138 12 668 668 25
span 6507208931593531385 12 362 362 13
span 11163600986873652964 12 502 502 17
span 955897342082239732 12 334 334 12
span 5739179095224873853 12 432 432 15
span 14245139514147818530 12 467 467 16
span 12451706301024641818 12 399 399 14
span 6490977017383526231 12 717 1263 27
span 18177417093480111665 12 763 788 29
span 681860489585801093 12 883 903 33
span 6448215435148578923 12 740 756 28
span 1768795066704562399 12 823 846 31
span 11168664317130328797 12 853 876 32
span 11043655005831678855 12 795 816 30
span 17273592437696225308 12 933 971 36
span 8267813339225427368 12 978 1034 37
span 18001570653726820157 12 1041 1089 38
span 7805319464161472521 12 1096 1148 39
span 9906785365516651348 12 1155 1207 40
span 3021083767812912915 12 1214 1255 41
span 11346835757934382944 12 1300 1319 44
span 9705630870306550934 12 1330 1367 45
span 8945552802563029974 12 1378 1407 46
span 7989756789100409530 12 1418 1451 47
span 5675849101971873400 12 1462 1495 48
span 12961975468871824473 12 1506 1535 49
span 7289512879077368656 13 371 371 14
span 12057197314704202455 13 403 403 15
span 5589129552172082834 13 434 434 16
span 10493217075157024135 13 253 253 9
span 5830804566510879218 13 330 330 11
span 18051371916343638800 13 292 292 10
span 17627044695288385740 13 492 836 18
span 5501710869417644781 13 515 542 19
span 3734417057762624297 13 582 611 21
span 7428600573341678884 13 549 575 20
span 14405630841397421010 13 641 702 24
span 13579651983009312053 13 709 762 25
span 16935693943315184903 13 769 828 26
span 17224788329548001305 13 873 916 29
span 3197858347267789234 13 927 968 30
span 8899487629800175418 13 979 1026 31
span 7656979966400056598 14 137 1815 7
span 17028456831685022930 14 113 113 4
span 2678957730162828082 15 603 603 21
span 11538872151967053869 15 674 674 22
span 11552627981756417383 15 545 545 17
span 11563085861743269170 15 514 514 16
span 12765913860596553058 15 577 577 18
span 5264722615540099656 15 483 483 15
span 7158500544999621157 15 425 425 13
span 11956828779613945744 15 456 456 14
span 7881439877283838980 15 1073 1073 29
span 521374798144749924 15 1123 1156 30
span 4544838893281514934 15 1167 1192 31
span 16546515936737247418 15 1203 1232 32
span 5928594815016182727 15 1243 1283 33
span 3190788406837453520 15 1294 1328 34
span 16209633550315110724 15 1339 1372 35
span 10805451634424736926 16 341 341 15
span 12267067575887072466 16 294 294 11
span 11212157687296211382 16 321 321 12
span 8282134124863683339 16 671 926 20
span 8188021538657193228 16 937 981 26
