hhds_srcmap 1
file 0 dino2/pyrope/ImmediateGenerator.prp
filehash 0 5338560799435971103
filelines 0 23 0 102 142 183 225 267 309 351 393 435 477 584 1473 2362 3284 4172 5143 6033 6888 7457 7995 8018 8020
file 1 dino2/pyrope/StageReg_4.prp
filehash 1 11134653093066362173
filelines 1 68 0 697 714 731 748 775 802 828 854 882 912 946 976 1004 1031 1061 1079 1105 1132 1158 1187 1220 1245 1270 1299 1326 1355 1381 1392 1397 1437 1499 1561 1621 1644 1661 1667 1672 1716 1780 1810 1833 1850 1856 1861 1903 1937 2013 2081 2104 2121 2127 2159 2227 2289 2293 2337 2383 2427 2477 2535 2577 2619 2669 2715 2765 2809 2811
file 2 dino2/pyrope/StageReg.prp
filehash 2 16723292877472109532
filelines 2 28 0 216 233 259 276 297 315 339 359 374 385 408 434 451 464 489 533 559 567 573 578 655 698 702 742 774 796 798
file 3 dino2/pyrope/PipelinedDualIssueCPU.prp
filehash 3 4853458242558188496
filelines 3 346 0 30 81 123 213 291 366 432 516 591 636 690 744 795 846 897 948 949 1346 1364 1384 1406 1428 1450 1492 1525 1567 1600 1640 1680 1693 1737 1781 1832 1874 1917 1938 1989 2031 2074 2095 2140 2194 2239 2293 2343 2393 2437 2490 2540 2590 2634 2687 2732 2786 2831 2885 2936 2974 3025 3063 3066 3069 3072 3075 3078 3081 3084 3087 3090 3093 3096 3099 3102 3105 3108 3111 3114 3117 3120 3123 3126 3129 3132 3135 3138 3141 3144 3147 3150 3153 3156 3159 3202 3245 3285 3306 3326 3373 3420 3441 3462 3483 3504 3525 3547 3568 3590 3612 3664 3737 3810 3863 3916 3920 3972 4006 4059 4112 4116 4150 4507 4590 4673 5358 5965 6572 6683 6794 7129 7464 8560 8641 8722 9666 9902 9971 10246 10315 10690 10759 11134 11203 11877 11960 12043 12132 12217 12891 12974 13057 13146 13231 13555 13646 13970 14061 14286 14351 14418 14489 14714 14779 14846 14917 15144 15229 15320 15547 15632 15652 15704 15795 15818 15860 15914 15918 15985 16012 16054 16123 16127 16183 16208 16250 16308 16312 16382 16411 16453 16525 16529 16590 16618 16660 16723 16727 16791 16820 16862 16928 16932 17003 17032 17074 17147 17151 17176 17225 17230 17276 17322 17370 17416 17464 17510 17549 17595 17634 17680 17698 17744 17762 17773 17791 17795 17844 17849 17897 17943 17993 18039 18089 18135 18176 18222 18263 18309 18329 18375 18395 18406 18426 18430 18479 18484 18532 18578 18598 18644 18694 18740 18790 18836 18877 18923 18964 19010 19030 19041 19061 19065 19114 19119 19167 19213 19233 19279 19329 19375 19425 19471 19512 19558 19599 19645 19665 19676 19696 19700 19718 19729 19740 19777 19784 19791 19798 19941 19960 19973 20016 20032 20040 20060 20094 20102 20108 20112 20242 20321 20471 20588 20703 20736 20786 20832 20836 20915 21065 21182 21297 21353 21393 21451 21455 21623 21732 21843 22013 22146 22289 22618 22649 22707 22758 22762 22863 23239 23306 23381 23442 23501 23532 23603 23661 23712 23716 23817 24186 24253 24328 24389 24448 24519 24582 24584
file 4 dino2/pyrope/StageReg_8.prp
filehash 4 7817049667420168279
filelines 4 21 0 249 266 294 321 351 369 396 425 451 462 467 541 573 641 703 707 753 803 847 849
file 5 dino2/pyrope/Control.prp
filehash 5 17549580833692210164
filelines 5 80 0 216 237 258 279 300 321 340 369 398 426 454 481 508 536 564 592 619 647 668 689 710 761 789 840 868 918 948 999 1027 1078 1107 1158 1187 1238 1267 1319 1348 1400 1429 1481 1511 1563 1614 1738 1769 1820 1873 1945 1997 2041 2130 2230 2402 2423 2439 2443 2519 2588 2657 2732 2799 2872 2892 2922 2938 2942 3138 3203 3227 3346 3377 3393 3397 3466 3487 3705 3757 3874 3876
file 6 dino2/pyrope/ALU.prp
filehash 6 4152857923937286009
filelines 6 38 0 98 118 158 196 233 297 334 503 540 799 836 1016 1053 1091 1128 1166 1203 1383 1420 1633 1670 1760 1798 1850 1888 1979 2017 2082 2120 2185 2223 2288 2299 2317 2321 2345 2347
file 7 dino2/pyrope/ALUControl.prp
filehash 7 2432089495623656380
filelines 7 39 0 137 154 171 188 205 222 242 271 276 324 329 410 415 517 522 545 571 610 636 654 680 698 724 742 768 773 862 867 967 990 1016 1034 1045 1063 1067 1135 1159 1161
file 8 dino2/pyrope/DualIssueForwardingUnit.prp
filehash 8 5651259125202624367
filelines 8 53 0 400 470 526 596 652 721 777 846 902 980 1072 1166 1260 1290 1361 1418 1489 1546 1616 1673 1743 1800 1881 1976 2072 2168 2198 2269 2326 2397 2454 2524 2581 2651 2708 2845 2941 3037 3067 3138 3195 3266 3323 3393 3450 3520 3577 3714 3810 3906 3936 3938
file 9 dino2/pyrope/DualIssueNextPC.prp
filehash 9 751804293209648847
filelines 9 27 0 204 223 273 331 381 439 489 572 622 706 756 814 865 924 1058 1174 1276 1409 1525 1612 1697 1719 1772 1847 1868 1870
file 10 dino2/pyrope/StageReg_6.prp
filehash 10 7233361211095308102
filelines 10 51 0 354 371 388 405 422 446 474 495 514 540 561 579 601 625 645 671 690 708 719 724 794 799 841 868 891 908 914 919 954 985 1008 1025 1031 1036 1076 1100 1146 1169 1186 1192 1221 1271 1275 1311 1351 1383 1427 1457 1485 1487
file 11 dino2/pyrope/DualIssueHazardUnit.prp
filehash 11 13351310534348974039
filelines 11 23 0 403 422 453 480 549 620 691 762 833 904 975 1046 1117 1256 1316 1357 1408 1448 1484 1524 1556 1558
file 12 dino2/pyrope/StageReg_10.prp
filehash 12 9203297993606745511
filelines 12 18 0 214 237 261 287 305 327 351 372 383 419 459 493 497 533 573 607 609
file 13 dino2/pyrope/DualIssueIssueUnit.prp
filehash 13 1660029794748255713
filelines 13 75 0 182 203 222 253 284 315 345 375 406 436 459 490 521 543 565 592 651 682 741 772 830 861 920 952 1011 1043 1103 1135 1194 1226 1286 1345 1374 1434 1494 1527 1589 1622 1679 1737 1795 1854 1913 1971 2029 2086 2144 2202 2260 2318 2377 2436 2494 2552 2610 2684 2758 2820 3502 3624 3733 3772 3794 3827 3867 3871 3886 3912 3970 4011 4015 4041 4104 4106
file 14 dino2/pyrope/StageReg_12.prp
filehash 14 12288936143647853869
filelines 14 14 0 183 210 240 258 287 313 324 374 418 422 472 516 518
file 15 dino2/pyrope/StageReg_2.prp
filehash 15 3687491674727045555
filelines 15 57 0 344 361 378 395 412 429 446 472 494 518 542 563 581 605 625 640 662 684 704 715 720 783 788 828 848 871 888 894 899 935 964 987 1004 1010 1015 1053 1078 1101 1118 1124 1129 1167 1194 1217 1234 1240 1290 1317 1321 1361 1393 1415 1451 1487 1519 1521
file 16 dino2/pyrope/DualIssueRegisterFile.prp
filehash 16 15549089919572060334
filelines 16 823 0 403 424 446 468 490 512 534 556 578 600 622 644 665 687 709 731 753 775 797 819 841 863 885 906 927 948 969 990 1011 1032 1053 1072 1090 1108 1126 1144 1162 1180 1198 1216 1234 1252 1270 1288 1306 1324 1342 1360 1378 1396 1414 1432 1450 1468 1486 1504 1522 1540 1558 1576 1594 1612 1630 1648 1666 1686 1708 1730 1752 1769 1786 1803 1820 1837 1854 1871 1888 1905 1922 1940 1958 1976 1994 2012 2030 2048 2066 2084 2102 2120 2138 2156 2174 2192 2210 2228 2246 2264 2282 2300 2318 2355 2360 2383 2417 2440 2474 2497 2531 2554 2588 2611 2645 2668 2702 2725 2759 2782 2816 2839 2873 2896 2931 2955 2990 3014 3049 3073 3108 3132 3167 3191 3226 3250 3285 3309 3344 3368 3403 3427 3462 3486 3521 3545 3580 3604 3639 3663 3698 3722 3757 3781 3816 3840 3875 3899 3934 3958 3993 4017 4052 4076 4111 4135 4146 4170 4174 4211 4216 4241 4275 4300 4334 4359 4393 4418 4452 4477 4511 4536 4570 4595 4629 4654 4688 4713 4747 4772 4807 4833 4868 4894 4929 4955 4990 5016 5051 5077 5112 5138 5173 5199 5234 5260 5295 5321 5356 5382 5417 5443 5478 5504 5539 5565 5600 5626 5661 5687 5722 5748 5783 5809 5844 5870 5905 5931 5966 5992 6027 6053 6064 6090 6094 6131 6136 6161 6195 6220 6254 6279 6313 6338 6372 6397 6431 6456 6490 6515 6549 6574 6608 6633 6667 6692 6727 6753 6788 6814 6849 6875 6910 6936 6971 6997 7032 7058 7093 7119 7154 7180 7215 7241 7276 7302 7337 7363 7398 7424 7459 7485 7520 7546 7581 7607 7642 7668 7703 7729 7764 7790 7825 7851 7886 7912 7947 7973 7984 8010 8014 8051 8056 8081 8115 8140 8174 8199 8233 8258 8292 8317 8351 8376 8410 8435 8469 8494 8528 8553 8587 8612 8647 8673 8708 8734 8769 8795 8830 8856 8891 8917 8952 8978 9013 9039 9074 9100 9135 9161 9196 9222 9257 9283 9318 9344 9379 9405 9440 9466 9501 9527 9562 9588 9623 9649 9684 9710 9745 9771 9806 9832 9867 9893 9904 9930 9934 9992 10012 10070 10092 10150 10172 10230 10252 10310 10332 10390 10412 10470 10492 10550 10572 10630 10652 10711 10734 10794 10817 10877 10901 10961 10985 11045 11069 11129 11153 11213 11237 11297 11321 11381 11405 11465 11489 11549 11573 11633 11657 11717 11741 11801 11825 11885 11909 11969 11993 12053 12077 12137 12161 12221 12245 12305 12329 12389 12413 12473 12497 12572 12624 12647 12681 12687 12712 12746 12752 12777 12811 12817 12842 12876 12882 12907 12941 12947 12972 13006 13012 13037 13071 13077 13102 13136 13142 13167 13201 13207 13232 13266 13272 13297 13332 13338 13364 13399 13405 13431 13466 13472 13498 13533 13539 13565 13600 13606 13632 13667 13673 13699 13734 13740 13766 13801 13807 13833 13868 13874 13900 13935 13941 13967 14002 14008 14034 14069 14075 14101 14136 14142 14168 14203 14209 14235 14270 14276 14302 14337 14343 14369 14404 14410 14436 14471 14477 14503 14538 14544 14570 14605 14611 14637 14672 14678 14711 14746 14752 14763 14803 14837 14850 14857 14916 14957 14993 15001 15007 15049 15083 15096 15103 15162 15203 15239 15247 15253 15295 15329 15342 15349 15408 15449 15485 15493 15499 15541 15575 15588 15595 15654 15695 15731 15739 15745 15787 15821 15834 15841 15900 15941 15977 15985 15991 16033 16067 16080 16087 16146 16187 16223 16231 16237 16279 16313 16326 16333 16392 16433 16469 16477 16483 16525 16559 16572 16579 16638 16679 16715 16723 16729 16771 16805 16818 16825 16884 16925 16961 16969 16975 17017 17051 17064 17071 17130 17171 17207 17215 17221 17263 17298 17311 17318 17378 17419 17456 17464 17470 17513 17548 17561 17568 17628 17669 17706 17714 17720 17763 17798 17811 17818 17878 17919 17956 17964 17970 18013 18048 18061 18068 18128 18169 18206 18214 18220 18263 18298 18311 18318 18378 18419 18456 18464 18470 18513 18548 18561 18568 18628 18669 18706 18714 18720 18763 18798 18811 18818 18878 18919 18956 18964 18970 19013 19048 19061 19068 19128 19169 19206 19214 19220 19263 19298 19311 19318 19378 19419 19456 19464 19470 19513 19548 19561 19568 19628 19669 19706 19714 19720 19763 19798 19811 19818 19878 19919 19956 19964 19970 20013 20048 20061 20068 20128 20169 20206 20214 20220 20263 20298 20311 20318 20378 20419 20456 20464 20470 20513 20548 20561 20568 20628 20669 20706 20714 20720 20763 20798 20811 20818 20878 20919 20956 20964 20970 21013 21048 21061 21068 21128 21169 21206 21214 21220 21263 21298 21311 21318 21378 21419 21456 21464 21470 21513 21548 21561 21568 21628 21669 21706 21714 21720 21763 21798 21811 21818 21878 21919 21956 21964 21970 22013 22048 22061 22068 22128 22169 22206 22214 22220 22263 22298 22311 22318 22378 22419 22456 22464 22470 22475 22533 22572 22607 22620 22627 22687 22728 22765 22773 22779 22783 22816 22851 22886 22921 22923
span 12730310080465061096 0 0 8019 1
span 4234848516714745691 0 104 141 2
span 13122468698488414195 0 110 112 2
span 10952596487870262893 0 144 182 3
span 7557187652166998928 0 150 153 3
span 8388711768683578192 0 185 224 4
span 4195219450677913012 0 191 195 4
span 8876051353345843077 0 227 266 5
span 12799824838215517564 0 233 237 5
span 10016896635850158304 0 269 308 6
span 12307410870735356797 0 275 279 6
span 10470022202307596477 0 311 350 7
span 1143543316803734324 0 317 321 7
span 14763883679630584993 0 353 392 8
span 18109783004012428892 0 359 363 8
span 8184442155886405245 0 395 434 9
span 17931345643631582874 0 401 405 9
span 8009562103745175109 0 437 476 10
span 13231418681288727204 0 443 447 10
span 12923967902570364612 0 479 583 11
span 15332399791774377677 0 496 583 11
span 100882084405308488 0 483 489 11
span 1990381209601877674 0 586 1472 12
span 4292116957076334440 0 603 1472 12
span 3065602344299485418 0 590 596 12
span 6675723069238004697 0 1475 2361 13
span 14906603400061322384 0 1492 2361 13
span 6389866137746800441 0 1479 1485 13
span 14866067270582629589 0 2364 3283 14
span 5921790936761143928 0 2381 3283 14
span 250516524613251795 0 2368 2374 14
span 10084438988494222045 0 3286 4171 15
span 14246823541683696355 0 3303 4171 15
span 4700937384633945979 0 3290 3296 15
span 17881038556628497420 0 4174 5142 16
span 6498675679886785054 0 4191 5142 16
span 16762572794425558411 0 4178 4184 16
span 9571070053382864350 0 5145 6032 17
span 638589824612949455 0 5162 6032 17
span 11738495523454373192 0 5149 5155 17
span 14770766976698716146 0 6035 6887 18
span 14939498104835740448 0 6052 6887 18
span 6982142067143978793 0 6039 6045 18
span 6353188124993371758 0 6890 7456 19
span 15798594158750343319 0 6907 7456 19
span 7694174292393400200 0 6894 6900 19
span 9838247231509946241 0 7459 7994 20
span 14829578581044093855 0 7477 7994 20
span 2135000979019087905 0 7463 7470 20
span 12187006504464472623 0 7997 8007 21
span 2012261905405081871 1 0 2810 1
span 15436317432218134657 1 703 709 2
span 15267764499378801097 1 720 726 3
span 3439648853531300513 1 737 743 4
span 11316426709948174850 1 754 771 5
span 15306329388999912810 1 781 798 6
span 790569132491592077 1 808 824 7
span 14674624068141651001 1 834 850 8
span 3845680107302452809 1 860 878 9
span 17113833263819294965 1 888 908 10
span 3000489612799760435 1 918 942 11
span 8812137196210835691 1 952 972 12
span 9573388256756005885 1 982 1000 13
span 1223379818109718120 1 1010 1027 14
span 11793203771175965051 1 1037 1057 15
span 7277852383933317175 1 1063 2292 16
span 12828361765715274491 1 1083 1100 17
span 3553246599159244260 1 1109 1127 18
span 15721575514184253562 1 1136 1153 19
span 15393405270281783257 1 1162 1182 20
span 3049560258525670099 1 1191 1215 21
span 5527560877101007973 1 1224 1240 22
span 2419787228130032646 1 1249 1265 23
span 5816685732715378880 1 1274 1294 24
span 4463151983563319697 1 1303 1321 25
span 6717204173491738423 1 1330 1350 26
span 16748374936661648832 1 1359 1376 27
span 18108653259634324624 1 1401 1436 30
span 5453514946164888516 1 1441 1498 31
span 12485653090297582807 1 1503 1560 32
span 10065432738902673318 1 1565 1620 33
span 15346074346872242011 1 1625 1666 34
span 3818870064488753864 1 1401 1407 30
span 17961079202068723214 1 1441 1458 31
span 15532543187036764662 1 1503 1520 32
span 505062973294514217 1 1565 1581 33
span 17894485736133187596 1 1650 1656 35
span 7841527732641926524 1 1676 1715 38
span 17720534043496861369 1 1720 1779 39
span 17502546230766441026 1 1814 1855 41
span 9116981321086953703 1 1676 1682 38
span 8247969624677705451 1 1720 1738 39
span 2061152880236887394 1 1784 1800 40
span 76442897414594969 1 1839 1845 42
span 2385519755710999923 1 1865 1902 45
span 15015665549359492569 1 1941 2012 47
span 12983235874228774478 1 2017 2080 48
span 12719139115743809007 1 2085 2126 49
span 17348522795024662772 1 1865 1871 45
span 11489914192095525456 1 1907 1927 46
span 10084797162619680993 1 1941 1965 47
span 6542137975676533431 1 2017 2037 48
span 16267774486939616934 1 2110 2116 50
span 14768175910474562831 1 2163 2226 53
span 10417899455407827004 1 2231 2288 54
span 9138545198112714674 1 2131 2149 52
span 3742286373123986054 1 2163 2183 53
span 6278268775197832334 1 2231 2248 54
span 8829325058148241224 1 2295 2316 56
span 12331801967644583064 1 2339 2361 57
span 18421890807860990576 1 2385 2406 58
span 5228089758989163881 1 2429 2453 59
span 6248466057691823099 1 2479 2507 60
span 14312100141438449191 1 2537 2557 61
span 1082411516445870553 1 2579 2599 62
span 10267594380305163135 1 2621 2645 63
span 12106373319680860452 1 2671 2693 64
span 4767191087566244556 1 2717 2741 65
span 18225799507793291913 1 2767 2788 66
span 1719784780335531670 2 0 797 1
span 13348374272070242880 2 222 228 2
span 6087794563933495393 2 239 254 3
span 3643458665569363080 2 265 271 4
span 14827849543190587135 2 282 293 5
span 7392870458026672282 2 299 701 6
span 11993276453700453989 2 319 334 7
span 15952332329684143346 2 343 354 8
span 16112073318445190482 2 363 369 9
span 14866930627550188344 2 389 572 11
span 1277403983628964178 2 414 429 12
span 17635117681807206816 2 440 446 13
span 14893647345220321481 2 470 566 15
span 8583183123427271505 2 497 512 16
span 14146592655542329139 2 541 547 17
span 5988241086525532203 2 582 654 21
span 562420511031796686 2 591 654 21
span 8240430673861776120 2 659 697 22
span 856771906661266144 2 582 588 21
span 10482898434674236372 2 659 670 22
span 14134019270497898382 2 704 723 24
span 537182925483355482 2 744 759 25
span 9956209291294888535 2 776 786 26
span 1661149884686125829 4 0 848 1
span 778769296159246984 4 255 261 2
span 2426585561507007005 4 272 290 3
span 10346493141349846242 4 300 317 4
span 15080326021643746867 4 327 347 5
span 1146567464706963349 4 353 706 6
span 5940134981701538421 4 373 391 7
span 11315972892557881564 4 400 420 8
span 10649062271326730026 4 429 446 9
span 17301845513531101546 4 471 540 12
span 10190981994165756739 4 480 540 12
span 3777011127614122832 4 471 477 12
span 10653003857092190803 4 577 640 14
span 736419326586870352 4 645 702 15
span 15633301606920108526 4 545 563 13
span 10360660242452518976 4 577 597 14
span 449270833802797928 4 645 662 15
span 5057413542737558986 4 709 731 17
span 4922030850387081194 4 755 779 18
span 7192079591433278933 4 805 826 19
span 15501026670450228949 5 0 3875 1
span 7587746134050433832 5 222 232 2
span 13938111094664743458 5 243 253 3
span 739116058967474830 5 264 274 4
span 5527669330494637453 5 285 295 5
span 1006023925954601167 5 306 316 6
span 2360958932194770876 5 327 335 7
span 9107299843007483908 5 346 364 8
span 13894015841035038708 5 375 393 9
span 14910368256291181108 5 404 421 10
span 8813606807602655818 5 432 449 11
span 11893404265957966123 5 460 476 12
span 12048565711433027602 5 487 503 13
span 6406447196094147720 5 514 531 14
span 10096201461230516335 5 542 559 15
span 9289711635874786937 5 570 587 16
span 8058897239375080395 5 598 614 17
span 17625832504220160278 5 625 642 18
span 1687921694771832928 5 653 660 19
span 17831899088520337488 5 674 681 20
span 4935712641166730114 5 695 702 21
span 9650294034693811934 5 712 760 22
span 2416107891707976966 5 725 760 22
span 16126267961386748410 5 716 722 22
span 1914712728470525293 5 763 779 23
span 4223396368369511494 5 791 839 24
span 2730846713256205705 5 804 839 24
span 17464938070664122692 5 795 801 24
span 11062067630343590999 5 842 858 25
span 15388404702593775897 5 870 917 26
span 9406636529919144245 5 883 917 26
span 2122005203804811022 5 874 880 26
span 5399933495217666653 5 920 938 27
span 10323712299556037244 5 950 998 28
span 5299325529873338535 5 963 998 28
span 15704699307980876934 5 954 960 28
span 13028000664439863129 5 1001 1017 29
span 5701311480079613894 5 1029 1077 30
span 4101096407372344285 5 1042 1077 30
span 3407525832099958151 5 1033 1039 30
span 9591886791570993141 5 1080 1097 31
span 3186164046969929341 5 1109 1157 32
span 4312188564324683291 5 1122 1157 32
span 15521750706261394622 5 1113 1119 32
span 18054290244272493511 5 1160 1177 33
span 13096826950714946077 5 1189 1237 34
span 1390965260997447998 5 1202 1237 34
span 15075794227934651821 5 1193 1199 34
span 18255277340591474764 5 1240 1257 35
span 16652679688613940113 5 1269 1318 36
span 9177705070565215347 5 1282 1318 36
span 5248094046713786134 5 1273 1279 36
span 16454198487057797681 5 1321 1338 37
span 1797269406503495175 5 1350 1399 38
span 3602249123261539341 5 1363 1399 38
span 13590160260984713144 5 1354 1360 38
span 12624727132811685655 5 1402 1419 39
span 8899879692565353221 5 1431 1480 40
span 12055274153504788319 5 1445 1480 40
span 15351476538341931887 5 1435 1442 40
span 14038088856107827121 5 1483 1500 41
span 15005842540826058827 5 1513 1562 42
span 4966442726654530283 5 1527 1562 42
span 13308855717173876840 5 1517 1524 42
span 4043297208368828509 5 1565 1613 43
span 2718381476676646660 5 1565 1573 43
span 17248902620516839409 5 1616 1737 44
span 17957200914948178674 5 1616 1626 44
span 14750181511596880302 5 1740 1758 45
span 8687445160082276456 5 1771 1819 46
span 12692667951263371946 5 1771 1781 46
span 2764093108818890673 5 1822 1872 47
span 16633875372292493632 5 1822 1832 47
span 4170461836510980640 5 1875 1944 48
span 5665264834384043372 5 1875 1885 48
span 17712712170814752411 5 1947 1996 49
span 4926455712311259847 5 1947 1957 49
span 7421972471186737787 5 1999 2040 50
span 15752590470456907982 5 1999 2006 50
span 12882880964715311463 5 2043 2129 51
span 15018254810981939723 5 2132 2229 52
span 6426383255754633910 5 2232 2401 53
span 11547723466020870141 5 2404 2442 54
span 4288033571016441918 5 2043 2051 51
span 10576378882873365343 5 2132 2140 52
span 361772890381562046 5 2232 2239 53
span 3388750815906669953 5 2427 2434 55
span 2603182124892827885 5 2445 2518 57
span 9636346550977441758 5 2462 2518 57
span 8850723380351415832 5 2449 2456 57
span 13626227896252317932 5 2521 2587 58
span 3686987966840844853 5 2538 2587 58
span 17902457576691224117 5 2525 2532 58
span 17189540548352478863 5 2590 2656 59
span 9905361529615139564 5 2607 2656 59
span 15533082257554939582 5 2594 2601 59
span 18274462297034773237 5 2659 2731 60
span 1722809234831507044 5 2676 2731 60
span 4700499341331839952 5 2663 2670 60
span 8532861974551236454 5 2734 2798 61
span 4039519915400016315 5 2734 2741 61
span 17469072146531870167 5 2801 2871 62
span 15261017334502250291 5 2894 2941 64
span 9666723478517078886 5 2801 2810 62
span 6752171595143516447 5 2874 2881 63
span 12634798881325440462 5 2926 2933 65
span 10701822270172431893 5 2944 3137 67
span 11327254797942201246 5 2961 3137 67
span 9614926887369380849 5 2948 2955 67
span 7290172186644603733 5 3140 3202 68
span 7796399672176351475 5 3140 3147 68
span 5634388170566470358 5 3229 3345 70
span 6245008466310520666 5 3348 3396 71
span 13873011816435623100 5 3205 3216 69
span 13940599295303129052 5 3229 3244 70
span 11959698049024020095 5 3381 3388 72
span 4677138069841660548 5 3399 3465 74
span 15828849505767622908 5 3416 3465 74
span 5014864816642500002 5 3403 3410 74
span 7652711293313027676 5 3489 3704 76
span 12831476605371835498 5 3707 3756 77
span 12872272752777698207 5 3759 3873 78
span 1135157453776505622 5 3468 3476 75
span 16267256539757028509 5 3489 3500 76
span 324711760665782358 5 3707 3715 77
span 2094267206077564359 5 3759 3770 78
span 5037559432667272704 7 0 1160 1
span 17429592944490161259 7 143 149 2
span 14877809823516607442 7 160 166 3
span 14765879667811591697 7 177 183 4
span 2446318783942043615 7 194 200 5
span 18182570168475194474 7 211 217 6
span 14332336467298238530 7 228 237 7
span 2914523020917542061 7 244 1066 8
span 12911559255565769335 7 280 323 10
span 6229206007483341427 7 289 323 10
span 36574116028561520 7 333 409 12
span 1678003429240899294 7 280 286 10
span 14725509864693794366 7 342 409 12
span 3935217109369384106 7 419 516 14
span 12255579809920042997 7 333 339 12
span 602031627108966510 7 428 516 14
span 7266160052556250669 7 419 425 14
span 9806967206481034232 7 526 535 16
span 9619638332467691864 7 575 609 18
span 5533775207803901170 7 575 584 18
span 5114820859319942799 7 640 649 20
span 1955231289677773558 7 684 693 22
span 4226700375059175904 7 728 737 24
span 2392727667385640909 7 777 861 27
span 12639154311816274471 7 786 861 27
span 9884200233724271281 7 871 966 29
span 4367191572851015480 7 777 783 27
span 2289201688849002149 7 880 966 29
span 7190661385759817866 7 871 877 29
span 17772621640604988219 7 971 980 30
span 2789564941612303453 7 1020 1029 32
span 3067006722075314921 7 1049 1058 34
span 18443774556908144530 7 1069 1134 36
span 43962859882198756 7 1085 1134 36
span 7447389699181759526 7 1073 1079 36
span 15767950871284763066 7 1137 1149 37
span 16424705100753380433 8 0 3937 1
span 17841447539155064759 8 402 469 2
span 14701100106729986243 8 415 469 2
span 13096214733585397805 8 406 412 2
span 11769257916509365707 8 472 525 3
span 5121762486840792757 8 485 525 3
span 1377701073880105881 8 476 482 3
span 12723267210562386409 8 528 595 4
span 16657885195530156094 8 541 595 4
span 7137249076588701837 8 532 538 4
span 8829803790699968133 8 598 651 5
span 15374964263591209807 8 611 651 5
span 9246581412468525887 8 602 608 5
span 1670092447194577030 8 654 720 6
span 4929225261466659719 8 667 720 6
span 17500642170182842817 8 658 664 6
span 8261965151338511297 8 723 776 7
span 16504550231489566016 8 736 776 7
span 17417832948758873472 8 727 733 7
span 7660197227167286314 8 779 845 8
span 8392328243461513390 8 792 845 8
span 7418764133236550412 8 783 789 8
span 6269580064105824150 8 848 901 9
span 6680617506332414255 8 861 901 9
span 5330845882457866493 8 852 858 9
span 15447325878081389131 8 904 979 10
span 15617896173421752355 8 920 979 10
span 7128648108109976039 8 908 914 10
span 17453547678866130071 8 982 1071 11
span 17019235816317413379 8 999 1071 11
span 14119604576039518307 8 986 993 11
span 4028767212537367572 8 1074 1165 12
span 6371559870430445853 8 1091 1165 12
span 15360743405354743048 8 1078 1085 12
span 2444182882399787449 8 1168 1259 13
span 2080949396987563770 8 1185 1259 13
span 14189116526969689596 8 1172 1179 13
span 10402877135178664215 8 1292 1360 15
span 12506377188619926581 8 1262 1279 14
span 17316064209670263188 8 1306 1360 15
span 5883598421054088476 8 1296 1303 15
span 4987834795047844902 8 1363 1417 16
span 16948557053216569395 8 1377 1417 16
span 13698950392740944103 8 1367 1374 16
span 17427313461242420764 8 1420 1488 17
span 17565382207533516502 8 1434 1488 17
span 14232438675098814268 8 1424 1431 17
span 13537021497807483267 8 1491 1545 18
span 16487884236480318781 8 1505 1545 18
span 2350948308667155937 8 1495 1502 18
span 12624913206910971226 8 1548 1615 19
span 15333251881381432785 8 1562 1615 19
span 8256820290570503850 8 1552 1559 19
span 10135339418714687976 8 1618 1672 20
span 4819903176848533222 8 1632 1672 20
span 12364836063834897 8 1622 1629 20
span 796780765249330975 8 1675 1742 21
span 10217924037285403876 8 1689 1742 21
span 12601178265765253961 8 1679 1686 21
span 1316759247411478374 8 1745 1799 22
span 12682083556709105697 8 1759 1799 22
span 16367997344705062950 8 1749 1756 22
span 7412848250066287192 8 1802 1880 23
span 17979154663134116113 8 1819 1880 23
span 13544812067928515787 8 1806 1813 23
span 15396921268600435348 8 1883 1975 24
span 5966987726873503142 8 1900 1975 24
span 5665107702011914734 8 1887 1894 24
span 9980962048009697982 8 1978 2071 25
span 8490388237983331901 8 1995 2071 25
span 14223419279741572697 8 1982 1989 25
span 5819003767885580959 8 2074 2167 26
span 7931746875938817380 8 2091 2167 26
span 4888541282505255697 8 2078 2085 26
span 8893683495431100366 8 2200 2268 28
span 17369330509509077324 8 2170 2187 27
span 17837096569183395801 8 2214 2268 28
span 7409559351194480402 8 2204 2211 28
span 14281393793679332890 8 2271 2325 29
span 5227235094729028969 8 2285 2325 29
span 12842876347064996790 8 2275 2282 29
span 6758166157889545765 8 2328 2396 30
span 719373975245805672 8 2342 2396 30
span 7934012620062329137 8 2332 2339 30
span 17338771818234046481 8 2399 2453 31
span 7862989147447114081 8 2413 2453 31
span 12575160800133499187 8 2403 2410 31
span 11418306683527414491 8 2456 2523 32
span 5897075244033814571 8 2470 2523 32
span 10239626025877719883 8 2460 2467 32
span 1988446727547675766 8 2526 2580 33
span 4147468123364105625 8 2540 2580 33
span 5578342290185855939 8 2530 2537 33
span 248962912927706899 8 2583 2650 34
span 6087166340999858285 8 2597 2650 34
span 9519328798664054953 8 2587 2594 34
span 7489149529230962466 8 2653 2707 35
span 15961667390600804286 8 2667 2707 35
span 5237371937311969396 8 2657 2664 35
span 1533491477194733855 8 2710 2844 36
span 17308390506789044589 8 2727 2844 36
span 1151974603950494170 8 2714 2721 36
span 7886969571837797388 8 2847 2940 37
span 14950833111696692304 8 2864 2940 37
span 6430853656299105779 8 2851 2858 37
span 4985341724252053561 8 2943 3036 38
span 8779239068526164951 8 2960 3036 38
span 7748221588763665913 8 2947 2954 38
span 7737343073303436585 8 3069 3137 40
span 13929153713774309437 8 3039 3056 39
span 8321324797967473585 8 3083 3137 40
span 8025429956309165936 8 3073 3080 40
span 12998272475609278708 8 3140 3194 41
span 4331793856429640615 8 3154 3194 41
span 7647924776308013004 8 3144 3151 41
span 3557282350691653261 8 3197 3265 42
span 9896589905175635091 8 3211 3265 42
span 7136943686868605978 8 3201 3208 42
span 14106952040484145253 8 3268 3322 43
span 7227005742726061378 8 3282 3322 43
span 17681703084302080243 8 3272 3279 43
span 255594013598346599 8 3325 3392 44
span 6837216707209993783 8 3339 3392 44
span 13139100419525515751 8 3329 3336 44
span 17403852602398522416 8 3395 3449 45
span 17357528112010714607 8 3409 3449 45
span 17070905701612576635 8 3399 3406 45
span 13161317837612928878 8 3452 3519 46
span 5889413876466410329 8 3466 3519 46
span 11303753988241032438 8 3456 3463 46
span 4119446861119159779 8 3522 3576 47
span 18128341515403630156 8 3536 3576 47
span 5407861997985169506 8 3526 3533 47
span 3323293049772249237 8 3579 3713 48
span 9696316774821062035 8 3596 3713 48
span 16637206995711577503 8 3583 3590 48
span 396951400326205981 8 3716 3809 49
span 10881337623639343291 8 3733 3809 49
span 11113528431655581592 8 3720 3727 49
span 12123009780653516946 8 3812 3905 50
span 7462544376510779246 8 3829 3905 50
span 9543375962676668924 8 3816 3823 50
span 10398501768322641830 8 3908 3925 51
span 2641954875310600437 9 0 1869 1
span 16481586219576409440 9 210 218 2
span 1352693014875419088 9 225 272 3
span 8283972945955566015 9 238 272 3
span 9816422405855993330 9 229 235 3
span 8384435379800905289 9 275 330 4
span 4281087789441811107 9 288 330 4
span 6186032501388921115 9 279 285 4
span 5729268892253090806 9 333 380 5
span 7250825323747009242 9 346 380 5
span 7077055060530084134 9 337 343 5
span 8197944458869181918 9 383 438 6
span 12380851348164312863 9 396 438 6
span 10147592340698977485 9 387 393 6
span 4106281156937472551 9 441 488 7
span 3291200265310623829 9 454 488 7
span 16297477224709144543 9 445 451 7
span 8965017015808843860 9 491 571 8
span 5019839452579949420 9 504 571 8
span 13105190537087588083 9 495 501 8
span 3232433611773611326 9 574 621 9
span 10268686912767347245 9 587 621 9
span 13903234021087917896 9 578 584 9
span 11114486288788344363 9 624 705 10
span 719965149704736522 9 637 705 10
span 17497181370155703525 9 628 634 10
span 7133880643122526971 9 708 755 11
span 3112515492541223717 9 721 755 11
span 15712971161183808824 9 712 718 11
span 15749131838210548648 9 758 813 12
span 9463777418015007073 9 772 813 12
span 14524196204908858043 9 762 769 12
span 1313566991775443060 9 816 864 13
span 3988315324586393322 9 830 864 13
span 16715048993687816832 9 820 827 13
span 2764273476143249410 9 867 923 14
span 2080494472147124806 9 881 923 14
span 6859695951236353109 9 871 878 14
span 10620128125453901245 9 926 1057 15
span 2742683014425239875 9 926 934 15
span 115063121856484501 9 1060 1173 16
span 10321834361655930214 9 1078 1173 16
span 6714229587062292271 9 1064 1071 16
span 8793596834698723564 9 1176 1275 17
span 2589906903373083458 9 1194 1275 17
span 13612625289665536465 9 1180 1187 17
span 15836015054252821793 9 1278 1408 18
span 17089504254930009927 9 1296 1408 18
span 18215534444396551820 9 1282 1289 18
span 13676845807826919316 9 1411 1524 19
span 12559612491544714084 9 1429 1524 19
span 11351978279494374336 9 1415 1422 19
span 17574084226523385184 9 1527 1611 20
span 9760076040793251980 9 1545 1611 20
span 18110147501827648442 9 1531 1538 20
span 2370345577729180843 9 1614 1696 21
span 14720484020575496466 9 1632 1696 21
span 4605206958555439443 9 1618 1625 21
span 10566425069893415160 9 1721 1771 23
span 14441419111200903244 9 1699 1708 22
span 3830987867399037038 9 1735 1771 23
span 7986790075155256439 9 1725 1732 23
span 12580895424021148025 9 1774 1846 24
span 10486760613404461788 9 1791 1846 24
span 4883113452107074176 9 1778 1785 24
span 10677571563825076644 9 1849 1857 25
span 10705916478104228198 10 0 1486 1
span 12910251778495886591 10 360 366 2
span 3360567558560696245 10 377 383 3
span 1910348875921330239 10 394 400 4
span 4457170412349548651 10 411 417 5
span 15564199962914468071 10 428 441 6
span 14018296783747867386 10 452 469 7
span 297011964053350439 10 480 490 8
span 13578004864190895057 10 501 510 9
span 350392403468406735 10 520 535 10
span 4692825593767792646 10 546 557 11
span 13358648624695365441 10 563 1274 12
span 1724402251488311013 10 583 596 13
span 8242131736803825334 10 605 620 14
span 2151562790958587530 10 629 640 15
span 12837589226202229952 10 649 666 16
span 13644042523363201885 10 675 685 17
span 17571503224353021954 10 694 703 18
span 14204028639188639488 10 728 793 21
span 11536647653164419197 10 737 793 21
span 8494651664468376346 10 803 840 23
span 6836053765937761850 10 728 734 21
span 4955296630038753337 10 872 913 25
span 15471161941610872933 10 803 809 23
span 10659080258727778031 10 845 858 24
span 5653427012327180681 10 897 903 26
span 15023763993578637328 10 923 953 29
span 16509129137084011859 10 989 1030 31
span 16513690130406212111 10 923 929 29
span 14253829219090284467 10 958 975 30
span 12387570329083806392 10 1014 1020 32
span 13280356030716867237 10 1040 1075 35
span 17508129576607295529 10 1104 1145 37
span 4839186573793455015 10 1150 1191 38
span 17300362616012804554 10 1040 1046 35
span 9049294393540383609 10 1080 1090 36
span 14033211835275354899 10 1104 1113 37
span 7910674214767413406 10 1175 1181 39
span 13484019363762706802 10 1225 1270 42
span 7970227778297366803 10 1196 1211 41
span 11620790994938142588 10 1225 1236 42
span 16695569013602490552 10 1277 1294 44
span 17958377602184889740 10 1313 1332 45
span 3450943242230990083 10 1353 1368 46
span 10864195875768370740 10 1385 1406 47
span 4479362772247595549 10 1429 1443 48
span 4360009498508064033 10 1459 1472 49
span 12946741833723436767 11 0 1557 1
span 15966379293147003233 11 409 417 2
span 6609172784098675476 11 428 448 3
span 16948595834790812349 11 459 475 4
span 4565146764233055692 11 482 548 5
span 8435395383693828394 11 482 502 5
span 865086292409432450 11 551 619 6
span 1350336046719842252 11 564 619 6
span 7846085644236203938 11 555 561 6
span 382605876113310356 11 622 690 7
span 10886100689607143469 11 635 690 7
span 4634205923319815901 11 626 632 7
span 13721710573781557340 11 693 761 8
span 7603522821989844511 11 706 761 8
span 15641417297487671297 11 697 703 8
span 6269139959872447087 11 764 832 9
span 10970911570045539086 11 777 832 9
span 12349037504784592448 11 768 774 9
span 3321758207357265736 11 835 903 10
span 3214314363831504583 11 848 903 10
span 3224115656319251109 11 839 845 10
span 7739411053100165322 11 906 974 11
span 1699412888039326404 11 919 974 11
span 17418564010562596707 11 910 916 11
span 12356953190415492533 11 977 1045 12
span 2807686576486315333 11 990 1045 12
span 2622656709143560906 11 981 987 12
span 4552256918149329644 11 1048 1116 13
span 9549695061154923517 11 1061 1116 13
span 12001861248579505598 11 1052 1058 13
span 711004445729303503 11 1119 1255 14
span 18188862571804687993 11 1119 1127 14
span 7805797098845173077 11 1258 1315 15
span 8774377817735253426 11 1258 1274 15
span 1203000273543604451 11 1359 1407 17
span 8241400829564643203 11 1318 1333 16
span 4189039716357645758 11 1359 1373 17
span 6314713597538122687 11 1410 1424 18
span 8797892477103178232 11 1450 1464 19
span 8151771784460188700 11 1486 1500 20
span 6934336001959874524 11 1526 1536 21
span 2193928053309201224 12 0 608 1
span 16467290582669586863 12 220 232 2
span 5217814672745596542 12 243 256 3
span 4883410240534893601 12 267 282 4
span 11112294233797714530 12 289 496 5
span 148991675300532412 12 309 322 6
span 2807267826013862222 12 331 346 7
span 2215169948482747023 12 355 367 8
span 16119228533999527573 12 387 400 10
span 13899973822466090223 12 423 438 11
span 8127026948433945687 12 463 475 12
span 6929353971591033540 12 499 516 14
span 10530997667150438261 12 535 554 15
span 464906344482781713 12 575 591 16
span 2719282724482572522 13 0 4105 1
span 18075360856884728091 13 188 198 2
span 6983426030778247809 13 209 217 3
span 9567672290043618707 13 228 248 4
span 14740923950596935705 13 259 279 5
span 13469154214416949917 13 290 310 6
span 2079363418770430998 13 321 340 7
span 3689825672698106786 13 351 370 8
span 9360081740342985626 13 381 401 9
span 13677602262505699155 13 412 431 10
span 17068922141783244834 13 442 454 11
span 12827018685132574413 13 465 485 12
span 10533278729529505237 13 496 516 13
span 18212134529748722024 13 527 534 14
span 10623800405493907266 13 549 556 15
span 2692241718463861807 13 567 591 16
span 9427645261487798932 13 567 579 16
span 5663190888273036556 13 594 650 17
span 6085886598480907694 13 607 650 17
span 17552636319994428398 13 598 604 17
span 3899887973271799608 13 653 672 18
span 6743110737205575963 13 684 740 19
span 14100207700240869509 13 697 740 19
span 1857378250272866602 13 688 694 19
span 6582263310229978429 13 743 762 20
span 2658526999074039129 13 774 829 21
span 13194174183696210260 13 787 829 21
span 9571983075304338380 13 778 784 21
span 7374211603423797442 13 832 851 22
span 2763122915749718642 13 863 919 23
span 16583821593804128113 13 876 919 23
span 17712147182481455773 13 867 873 23
span 16784738560651916923 13 922 942 24
span 18064101667541163124 13 954 1010 25
span 3057590649128791516 13 967 1010 25
span 10260870644475721667 13 958 964 25
span 4676796089592634723 13 1013 1033 26
span 17810076503846038074 13 1045 1102 27
span 8998886074370858069 13 1058 1102 27
span 5376186555946971615 13 1049 1055 27
span 8302488969314765921 13 1105 1125 28
span 8187089764139291428 13 1137 1193 29
span 11423377296881823901 13 1150 1193 29
span 10967747970785692824 13 1141 1147 29
span 6377803878353826082 13 1196 1216 30
span 6012609280387015674 13 1228 1285 31
span 17521744930317553262 13 1241 1285 31
span 16524684200669427984 13 1232 1238 31
span 5339602368680189795 13 1288 1344 32
span 18150495465213691564 13 1301 1344 32
span 10161681060553641061 13 1292 1298 32
span 9531043515406481300 13 1347 1373 33
span 10179077802879140288 13 1347 1355 33
span 11564223676240298601 13 1376 1433 34
span 9625336029969165093 13 1390 1433 34
span 12413747128843863155 13 1380 1387 34
span 18350376827191501368 13 1436 1493 35
span 12516356575259125929 13 1450 1493 35
span 15285362603079620846 13 1440 1447 35
span 543838436829388321 13 1496 1526 36
span 12167151336600260062 13 1496 1506 36
span 16728569373979923738 13 1529 1588 37
span 6940127774221616923 13 1543 1588 37
span 5514101705220157632 13 1533 1540 37
span 15142268815785571545 13 1591 1611 38
span 11989836679079832243 13 1624 1678 39
span 14838172826244345380 13 1638 1678 39
span 12598755572438052763 13 1628 1635 39
span 14859584396654165410 13 1681 1736 40
span 12872448699398390921 13 1695 1736 40
span 8015589474781050211 13 1685 1692 40
span 5737847027640173271 13 1739 1794 41
span 16355973639178040311 13 1753 1794 41
span 13949205884261646438 13 1743 1750 41
span 15976611917471965695 13 1797 1853 42
span 2441915888247632328 13 1811 1853 42
span 11169336845130415867 13 1801 1808 42
span 2088623304986437463 13 1856 1912 43
span 16523215026237613682 13 1870 1912 43
span 732308679361230168 13 1860 1867 43
span 11038514487676854133 13 1915 1970 44
span 14448018055167273454 13 1929 1970 44
span 13227540537877080939 13 1919 1926 44
span 5212511482975437884 13 1973 2028 45
span 5844384064073340104 13 1987 2028 45
span 9934746986007612398 13 1977 1984 45
span 4760676881301579953 13 2031 2085 46
span 13356088087559521906 13 2045 2085 46
span 8902693711611043421 13 2035 2042 46
span 4843211268728781077 13 2088 2143 47
span 7358262291274522900 13 2102 2143 47
span 6131233352195482757 13 2092 2099 47
span 18036496358130958541 13 2146 2201 48
span 8230727377047892637 13 2160 2201 48
span 2592663045081180059 13 2150 2157 48
span 13293408032360544803 13 2204 2259 49
span 12543246722814281816 13 2218 2259 49
span 9266699907607476856 13 2208 2215 49
span 3370487152864940156 13 2262 2317 50
span 9997349789716954976 13 2276 2317 50
span 320238758852998251 13 2266 2273 50
span 4243434705715156122 13 2320 2376 51
span 7953643237390202367 13 2334 2376 51
span 16833255116632969604 13 2324 2331 51
span 6850703619469240294 13 2379 2435 52
span 166077975886458538 13 2393 2435 52
span 13804830696894906966 13 2383 2390 52
span 8471108986154011125 13 2438 2493 53
span 18378597006254855252 13 2452 2493 53
span 13587617864642307518 13 2442 2449 53
span 3080123355966270941 13 2496 2551 54
span 11459742937840507279 13 2510 2551 54
span 5176732624337885653 13 2500 2507 54
span 7615642653171572640 13 2554 2609 55
span 17654414766467860567 13 2568 2609 55
span 7439181754131937471 13 2558 2565 55
span 3764111568079699745 13 2612 2683 56
span 13978108976636557548 13 2626 2683 56
span 18220064565468635114 13 2616 2623 56
span 7940667518839175424 13 2686 2757 57
span 7762700929082452995 13 2700 2757 57
span 5408516869796318625 13 2690 2697 57
span 13528178577758849838 13 2760 2819 58
span 9958137275244748043 13 2774 2819 58
span 2050743546330401941 13 2764 2771 58
span 1151975827398129350 13 2822 3501 59
span 2827217544328119754 13 2822 2842 59
span 11668979292227497569 13 3504 3623 60
span 11398745480446270456 13 3522 3623 60
span 2500809044262873823 13 3508 3515 60
span 3247919855572827978 13 3626 3732 61
span 3716717231324336155 13 3644 3732 61
span 16467244307038660757 13 3630 3637 61
span 3539319277046501360 13 3735 3771 62
span 7225419521288893212 13 3735 3742 62
span 13635132095485072670 13 3796 3870 64
span 6428340219203139797 13 3774 3783 63
span 7353149101716432430 13 3831 3866 65
span 11013346526146040796 13 3831 3838 65
span 14635538551685360167 13 3914 4014 69
span 13276166302948350550 13 3888 3901 68
span 16440492534743631479 13 3974 4010 70
span 14236838753368329789 13 3974 3981 70
span 4546379887667214977 13 4043 4103 73
span 5566969556474254833 13 4017 4030 72
span 5606187190489215244 13 4043 4057 73
span 2851831150644749627 14 0 517 1
span 17794394079238172608 14 189 206 2
span 7848161435459838186 14 216 236 3
span 15464259072421010527 14 242 421 4
span 4827210522779774882 14 262 282 5
span 9768645862821038196 14 291 308 6
span 13030206142222898876 14 328 348 8
span 18416029664584797706 14 378 395 9
span 9370002223978994747 14 424 448 11
span 4624485196268568217 14 474 495 12
span 12897480824496669504 15 0 1520 1
span 8790815724637062438 15 350 356 2
span 18071135024382471137 15 367 373 3
span 8337822303084237596 15 384 390 4
span 5678269982791283967 15 401 407 5
span 12343498794451818706 15 418 424 6
span 5966512974512914251 15 435 441 7
span 3123903287474781532 15 452 467 8
span 1115288971451786830 15 478 489 9
span 11814874476607334767 15 500 513 10
span 11230257700975798192 15 524 537 11
span 14955820792110223566 15 548 559 12
span 5773262857623398307 15 565 1320 13
span 8752883086296110148 15 585 600 14
span 11693210628976211182 15 609 620 15
span 11510775342059205245 15 629 635 16
span 8805269814860680867 15 644 657 17
span 147817879144276322 15 666 679 18
span 17317474984078984299 15 688 699 19
span 6536464660564526257 15 724 782 22
span 17445946370218813040 15 733 782 22
span 247885095499299071 15 792 827 24
span 18435344039353942786 15 724 730 22
span 6901210424191351612 15 852 893 26
span 15840032665704710163 15 792 798 24
span 13337780580584669921 15 832 838 25
span 9306537145370242826 15 877 883 27
span 11753425928442009103 15 903 934 30
span 949535515776813602 15 968 1009 32
span 16235842728343830139 15 903 909 30
span 14115058069191586879 15 939 954 31
span 18246189642114895808 15 993 999 33
span 3104365173275458993 15 1019 1052 36
span 6764732646882133663 15 1082 1123 38
span 2038121229915922194 15 1019 1025 36
span 7879702780482252168 15 1057 1068 37
span 3175897938857472293 15 1107 1113 39
span 14102642224089472494 15 1133 1166 42
span 15377388332416410189 15 1198 1239 44
span 2636208338194734111 15 1133 1139 42
span 10172185862936736298 15 1171 1184 43
span 282826283612660709 15 1223 1229 45
span 12888916433912855330 15 1244 1289 47
span 2757328249925152414 15 1244 1255 47
span 1006900967632663625 15 1294 1307 48
span 14146153787551718188 15 1323 1342 50
span 15676877605106746619 15 1363 1378 51
span 11116697467631010432 15 1395 1405 52
span 1540794466885598527 15 1417 1434 53
span 9705366920740187799 15 1453 1470 54
span 4323902502735616231 15 1489 1504 55
span 13725869244951176667 16 0 22922 1
span 10423543878607415700 16 409 419 2
span 14329951891944325178 16 430 441 3
span 16231643791694250440 16 452 463 4
span 13183745169369104946 16 474 485 5
span 15010896556696852382 16 496 507 6
span 9413032617369430849 16 518 529 7
span 15108350449347028535 16 540 551 8
span 594069117735040740 16 562 573 9
span 8269981406491600743 16 584 595 10
span 2715815845487285312 16 606 617 11
span 15095976121036612096 16 628 639 12
span 4249861214714135707 16 650 660 13
span 11761648021417731509 16 671 682 14
span 1171755631126556700 16 693 704 15
span 3677859913148224912 16 715 726 16
span 11451160515683039657 16 737 748 17
span 60367833896066642 16 759 770 18
span 14616456820380302072 16 781 792 19
span 14524962108170830305 16 803 814 20
span 16403484627735952746 16 825 836 21
span 17703872529374383754 16 847 858 22
span 3528866273480174068 16 869 880 23
span 15605853358767086013 16 891 901 24
span 3033550705749755796 16 912 922 25
span 4758320862576542336 16 933 943 26
span 10172330813869300888 16 954 964 27
span 13914920612045059749 16 975 985 28
span 4688508662988192967 16 996 1006 29
span 7760694121700511421 16 1017 1027 30
span 17661502733408422440 16 1038 1048 31
span 8789470025765935084 16 1059 1067 32
span 1540284589259222490 16 1078 1085 33
span 18286736638558062359 16 1096 1103 34
span 15676192394968554850 16 1114 1121 35
span 2042141608268257882 16 1132 1139 36
span 5609162371036805547 16 1150 1157 37
span 2527700520574147564 16 1168 1175 38
span 4298474924821109418 16 1186 1193 39
span 9987798391193115522 16 1204 1211 40
span 14990273570588368455 16 1222 1229 41
span 5963432464451845662 16 1240 1247 42
span 14259283654480822510 16 1258 1265 43
span 10219814451556561597 16 1276 1283 44
span 11358679150075970271 16 1294 1301 45
span 17818232188556563837 16 1312 1319 46
span 6108670185194129368 16 1330 1337 47
span 5559621665186523011 16 1348 1355 48
span 7430841431295936257 16 1366 1373 49
span 6547438493338161913 16 1384 1391 50
span 2369558152898664401 16 1402 1409 51
span 10935782278316491747 16 1420 1427 52
span 12895603094306029472 16 1438 1445 53
span 6253579605278220681 16 1456 1463 54
span 5821588110615282112 16 1474 1481 55
span 14120692568814333653 16 1492 1499 56
span 14077419984268858332 16 1510 1517 57
span 2663434077010036730 16 1528 1535 58
span 1100041943920443889 16 1546 1553 59
span 12751702005095729209 16 1564 1571 60
span 2292513936785216036 16 1582 1589 61
span 3380849345025327337 16 1600 1607 62
span 1758842371036581179 16 1618 1625 63
span 12967107570060651600 16 1636 1643 64
span 11913301413774707630 16 1654 1661 65
span 10695352728649134683 16 1672 1681 66
span 13956192651582964729 16 1692 1703 67
span 7112174273534750837 16 1714 1725 68
span 10678760113598025403 16 1736 1747 69
span 2197024196476718457 16 1758 1764 70
span 8812287026671565160 16 1775 1781 71
span 11698283688944217714 16 1792 1798 72
span 9746350730298927525 16 1809 1815 73
span 6111527131098415669 16 1826 1832 74
span 643891104966117075 16 1843 1849 75
span 12423729924293588940 16 1860 1866 76
span 1641180708119936619 16 1877 1883 77
span 12980015948963541393 16 1894 1900 78
span 2528009253043617955 16 1911 1917 79
span 6787156320005651523 16 1928 1935 80
span 3044674335214914965 16 1946 1953 81
span 15307853472603898343 16 1964 1971 82
span 10427165118758078906 16 1982 1989 83
span 18268201990468286623 16 2000 2007 84
span 15103742699912002628 16 2018 2025 85
span 10202253887620717901 16 2036 2043 86
span 6812970641418070259 16 2054 2061 87
span 16075116919905051488 16 2072 2079 88
span 13473671228448864262 16 2090 2097 89
span 16638537082558250047 16 2108 2115 90
span 7785952773323568682 16 2126 2133 91
span 3329287431968498125 16 2144 2151 92
span 3121106661794547140 16 2162 2169 93
span 7150783471304637781 16 2180 2187 94
span 3820347493931725770 16 2198 2205 95
span 4383593192731671259 16 2216 2223 96
span 2224359542946327184 16 2234 2241 97
span 18393281573425029653 16 2252 2259 98
span 17057286992846530913 16 2270 2277 99
span 17393470861739545402 16 2288 2295 100
span 1423366922455341064 16 2306 2313 101
span 11403538056887101351 16 2320 4173 102
span 5542720272567540502 16 2364 2373 104
span 9827922898101314388 16 2421 2430 106
span 7673340573611417482 16 2478 2487 108
span 18336283574873318135 16 2535 2544 110
span 14090145524167446453 16 2592 2601 112
span 1098694445239899444 16 2649 2658 114
span 1282767354534133550 16 2706 2715 116
span 4570706493232445262 16 2763 2772 118
span 12910383074902934759 16 2820 2829 120
span 10331709928759809301 16 2877 2886 122
span 11404234001812730265 16 2935 2944 124
span 2475074599260189460 16 2994 3003 126
span 5651228972507986483 16 3053 3062 128
span 16982611861013022067 16 3112 3121 130
span 2098380664256159043 16 3171 3180 132
span 8621373624581415738 16 3230 3239 134
span 11761818927568125961 16 3289 3298 136
span 8631907512691947115 16 3348 3357 138
span 3101095177508921032 16 3407 3416 140
span 1648666084764352839 16 3466 3475 142
span 18386071458560425116 16 3525 3534 144
span 18098647226034653222 16 3584 3593 146
span 14217593848803018429 16 3643 3652 148
span 510244821714379575 16 3702 3711 150
span 4439760596757263017 16 3761 3770 152
span 6161399904677902751 16 3820 3829 154
span 6748277032294795653 16 3879 3888 156
span 6871531965716416941 16 3938 3947 158
span 8016941331908232649 16 3997 4006 160
span 640919978303168249 16 4056 4065 162
span 12142308015316976186 16 4115 4124 164
span 3876011749022729029 16 4150 4159 166
span 705331649046962545 16 4176 6093 168
span 9778573233519757046 16 4220 4231 170
span 10556096463313884316 16 4279 4290 172
span 3990249058900464991 16 4338 4349 174
span 560431184409279504 16 4397 4408 176
span 16948900116781459248 16 4456 4467 178
span 8823585387029308753 16 4515 4526 180
span 13173951742906958942 16 4574 4585 182
span 7226238168068985643 16 4633 4644 184
span 1540795515629897698 16 4692 4703 186
span 13612449974431356318 16 4751 4762 188
span 17692271853476120090 16 4811 4822 190
span 12432709181684475846 16 4872 4883 192
span 151640263971994 16 4933 4944 194
span 6340661115195578888 16 4994 5005 196
span 16803041236758032971 16 5055 5066 198
span 1017653936257148401 16 5116 5127 200
span 786959751479464039 16 5177 5188 202
span 7902497072833480871 16 5238 5249 204
span 18410382245132263872 16 5299 5310 206
span 16807202021020535334 16 5360 5371 208
span 13154079029887788356 16 5421 5432 210
span 4115774107733372919 16 5482 5493 212
span 11957397481729245617 16 5543 5554 214
span 7316453698141705679 16 5604 5615 216
span 1651950555108303212 16 5665 5676 218
span 10659209870892800563 16 5726 5737 220
span 17975861400545078982 16 5787 5798 222
span 6816634669805343531 16 5848 5859 224
span 5280685696725519537 16 5909 5920 226
span 9475134036264997471 16 5970 5981 228
span 16710757669218447545 16 6031 6042 230
span 11566150856239031336 16 6068 6079 232
span 11309850021536450949 16 6096 8013 234
span 8888856071897164352 16 6140 6151 236
span 850859124879920027 16 6199 6210 238
span 13064442882045466200 16 6258 6269 240
span 13190627457514034658 16 6317 6328 242
span 6390232994319207550 16 6376 6387 244
span 15761133682511163259 16 6435 6446 246
span 4940176971752667782 16 6494 6505 248
span 3231943129308826903 16 6553 6564 250
span 18404859746102362039 16 6612 6623 252
span 6624322890374127849 16 6671 6682 254
span 15916688164986585556 16 6731 6742 256
span 9203352470312619906 16 6792 6803 258
span 7315527783316912166 16 6853 6864 260
span 3746368769573106082 16 6914 6925 262
span 5139874378058875883 16 6975 6986 264
span 11761285346434868666 16 7036 7047 266
span 14920869549981635154 16 7097 7108 268
span 16792682419528735114 16 7158 7169 270
span 7554936671023225197 16 7219 7230 272
span 18369482525926288692 16 7280 7291 274
span 17048166303534098503 16 7341 7352 276
span 2599040284780304802 16 7402 7413 278
span 2628597837882426971 16 7463 7474 280
span 11650617800063589816 16 7524 7535 282
span 13545414327683079461 16 7585 7596 284
span 7405177429508930023 16 7646 7657 286
span 6646549876702653979 16 7707 7718 288
span 1684390414054153763 16 7768 7779 290
span 2061621130757913980 16 7829 7840 292
span 10565422914848409523 16 7890 7901 294
span 6603532609351381114 16 7951 7962 296
span 4441728073456984148 16 7988 7999 298
span 9050352058795032425 16 8016 9933 300
span 10612970480560945075 16 8060 8071 302
span 14074518433935491760 16 8119 8130 304
span 5996297715180415753 16 8178 8189 306
span 1150088088082619354 16 8237 8248 308
span 1824305997293479425 16 8296 8307 310
span 1219175285511178491 16 8355 8366 312
span 843320330707513409 16 8414 8425 314
span 944712279681262354 16 8473 8484 316
span 3801952132601185352 16 8532 8543 318
span 10799528127904752584 16 8591 8602 320
span 12956543250621661187 16 8651 8662 322
span 3045528013887339839 16 8712 8723 324
span 2639270547679586740 16 8773 8784 326
span 16035749981261163062 16 8834 8845 328
span 1176594281840130018 16 8895 8906 330
span 15632315806955076221 16 8956 8967 332
span 7729880223244046968 16 9017 9028 334
span 3455440493330809472 16 9078 9089 336
span 17034843550001199482 16 9139 9150 338
span 15152566938560253228 16 9200 9211 340
span 4401758584056753005 16 9261 9272 342
span 4782982049966913188 16 9322 9333 344
span 3382209332087857429 16 9383 9394 346
span 10011661433600101880 16 9444 9455 348
span 3173571065135100646 16 9505 9516 350
span 3136276479852711399 16 9566 9577 352
span 9997054675950298529 16 9627 9638 354
span 3323936539948050186 16 9688 9699 356
span 7217193520094368770 16 9749 9760 358
span 9095982284622721808 16 9810 9821 360
span 5042110286529383514 16 9871 9882 362
span 220306666143249249 16 9908 9919 364
span 2163529687701982690 16 9936 9991 366
span 8962734942666305750 16 9949 9991 366
span 17447998273161247498 16 9940 9946 366
span 10269982413366132613 16 9994 10002 367
span 11111757429085156428 16 10014 10069 368
span 3170915282841209630 16 10027 10069 368
span 11362977273928339132 16 10018 10024 368
span 3899054917118622017 16 10072 10082 369
span 11460355886257074121 16 10094 10149 370
span 1105251813161829727 16 10107 10149 370
span 5881203663037688434 16 10098 10104 370
span 1162972768710149909 16 10152 10162 371
span 16977481406657614051 16 10174 10229 372
span 1234074106640038054 16 10187 10229 372
span 15174276375979788676 16 10178 10184 372
span 14965389169823431896 16 10232 10242 373
span 10116817374794448221 16 10254 10309 374
span 15316510097933849993 16 10267 10309 374
span 16145812181054133720 16 10258 10264 374
span 7053234631294787845 16 10312 10322 375
span 4324986432510214794 16 10334 10389 376
span 9746880792273025641 16 10347 10389 376
span 18340514932597027690 16 10338 10344 376
span 16284653284717169004 16 10392 10402 377
span 14484925134103189133 16 10414 10469 378
span 7409065772698134693 16 10427 10469 378
span 10689194989847346457 16 10418 10424 378
span 15716127240747134233 16 10472 10482 379
span 12468439322662845851 16 10494 10549 380
span 11691478404952367733 16 10507 10549 380
span 7488503186905184212 16 10498 10504 380
span 13539492972166605091 16 10552 10562 381
span 11988821732269991954 16 10574 10629 382
span 8611129676804213659 16 10587 10629 382
span 1730219790704757683 16 10578 10584 382
span 15219009307710380425 16 10632 10642 383
span 1217635887688386218 16 10654 10710 384
span 3914192160945805390 16 10668 10710 384
span 527994295372183207 16 10658 10665 384
span 18026399541748313821 16 10713 10723 385
span 8079822825447591617 16 10736 10793 386
span 13612886567583821891 16 10750 10793 386
span 6235890986468494357 16 10740 10747 386
span 8833387381344164178 16 10796 10806 387
span 15250710132769204658 16 10819 10876 388
span 3344655396475813756 16 10833 10876 388
span 16586756947113411889 16 10823 10830 388
span 17309211004774760477 16 10879 10890 389
span 6588976783868821952 16 10903 10960 390
span 4837542358686505403 16 10917 10960 390
span 5087389829498585443 16 10907 10914 390
span 18037360275436982164 16 10963 10974 391
span 7264948758151617464 16 10987 11044 392
span 6615407825853632563 16 11001 11044 392
span 3019694438410098381 16 10991 10998 392
span 9719015982622563387 16 11047 11058 393
span 697124042161066701 16 11071 11128 394
span 8129952429781173731 16 11085 11128 394
span 9845448872269900571 16 11075 11082 394
span 1563081740359998744 16 11131 11142 395
span 11785337189380053777 16 11155 11212 396
span 10491101188308308416 16 11169 11212 396
span 12787985146616839242 16 11159 11166 396
span 13522498880300731571 16 11215 11226 397
span 12892714840651580695 16 11239 11296 398
span 1621325873452561478 16 11253 11296 398
span 7299280231478066311 16 11243 11250 398
span 6638914615868105681 16 11299 11310 399
span 13143736485815140714 16 11323 11380 400
span 483521158602988454 16 11337 11380 400
span 2287766380461752059 16 11327 11334 400
span 5177276908782529875 16 11383 11394 401
span 14255552749587927981 16 11407 11464 402
span 15821566673240078268 16 11421 11464 402
span 16403359301615878309 16 11411 11418 402
span 16247239150470709305 16 11467 11478 403
span 11447708461034301305 16 11491 11548 404
span 6654497870966994621 16 11505 11548 404
span 349700701665495254 16 11495 11502 404
span 13535432992598127488 16 11551 11562 405
span 17983096768147687529 16 11575 11632 406
span 17844051404908470830 16 11589 11632 406
span 3640230828010405008 16 11579 11586 406
span 14752580803530341235 16 11635 11646 407
span 3277385914738639527 16 11659 11716 408
span 17806323128618648421 16 11673 11716 408
span 17656199087360015955 16 11663 11670 408
span 11882377220969549855 16 11719 11730 409
span 11862807177014476012 16 11743 11800 410
span 8559687762100118659 16 11757 11800 410
span 6760069868777241622 16 11747 11754 410
span 12512117330439386875 16 11803 11814 411
span 5136147723844439457 16 11827 11884 412
span 17320252453535951690 16 11841 11884 412
span 6690432788634138709 16 11831 11838 412
span 9852485585678499997 16 11887 11898 413
span 13608288084410002780 16 11911 11968 414
span 14612291632170366544 16 11925 11968 414
span 17544279644043407216 16 11915 11922 414
span 10203551551948438332 16 11971 11982 415
span 13725594419054230576 16 11995 12052 416
span 996982031980313042 16 12009 12052 416
span 13414334169244615397 16 11999 12006 416
span 15976695139211164183 16 12055 12066 417
span 10796428229823840283 16 12079 12136 418
span 12675386689516214339 16 12093 12136 418
span 11677221732874740169 16 12083 12090 418
span 8765953801702159146 16 12139 12150 419
span 3114021273573530811 16 12163 12220 420
span 5140995534091318250 16 12177 12220 420
span 1330793850594374798 16 12167 12174 420
span 11981288192002909626 16 12223 12234 421
span 17034859432858266548 16 12247 12304 422
span 678789294513927862 16 12261 12304 422
span 11805678553843158046 16 12251 12258 422
span 6152665042192445180 16 12307 12318 423
span 2830074611825804238 16 12331 12388 424
span 9571559316059820659 16 12345 12388 424
span 15790198585080641318 16 12335 12342 424
span 14118788819017690145 16 12391 12402 425
span 17575135957011587537 16 12415 12472 426
span 9384098489776473268 16 12429 12472 426
span 4239868466567947892 16 12419 12426 426
span 9351167133968878546 16 12475 12486 427
span 12987331675971001423 16 12499 12571 428
span 1221608415882926398 16 12513 12571 428
span 6988153276894340108 16 12503 12510 428
span 12333194184325259282 16 12574 22782 429
span 3162975668051863078 16 12628 12686 430
span 7513869504857681255 16 12653 12659 431
span 8978380279631181244 16 12691 12751 433
span 3723134593047178796 16 12718 12724 434
span 18389124516108887588 16 12756 12816 436
span 17402008285647969358 16 12783 12789 437
span 17773205564983544910 16 12821 12881 439
span 6210289572987666251 16 12848 12854 440
span 1975097343120626002 16 12886 12946 442
span 10146799763287200372 16 12913 12919 443
span 14517734227447808757 16 12951 13011 445
span 577855101405782610 16 12978 12984 446
span 18143624154201136265 16 13016 13076 448
span 15611316245334481945 16 13043 13049 449
span 6201228441942957452 16 13081 13141 451
span 14243891157998538866 16 13108 13114 452
span 17116497363874554918 16 13146 13206 454
span 6337853659432011230 16 13173 13179 455
span 37114329635554371 16 13211 13271 457
span 4823585812341588848 16 13238 13244 458
span 8393993543821839098 16 13276 13337 460
span 11013231232408733653 16 13303 13310 461
span 7390390951340897527 16 13342 13404 463
span 4798154762178710533 16 13370 13377 464
span 10380974402699015365 16 13409 13471 466
span 17838379763167840094 16 13437 13444 467
span 13437207067070623563 16 13476 13538 469
span 4887125802875121474 16 13504 13511 470
span 7561867096487810369 16 13543 13605 472
span 3014063708713357069 16 13571 13578 473
span 7863707057293459318 16 13610 13672 475
span 9637539478054152368 16 13638 13645 476
span 7597970435716453088 16 13677 13739 478
span 15796120257447592144 16 13705 13712 479
span 760391927617555702 16 13744 13806 481
span 13395256258157592734 16 13772 13779 482
span 790992824489693334 16 13811 13873 484
span 15654822957683226097 16 13839 13846 485
span 15689149541121427436 16 13878 13940 487
span 16392123910037517974 16 13906 13913 488
span 12936512539038350653 16 13945 14007 490
span 18420996308985736026 16 13973 13980 491
span 16199616702832690045 16 14012 14074 493
span 13002985885645756503 16 14040 14047 494
span 8130599802320164827 16 14079 14141 496
span 11484187422900740891 16 14107 14114 497
span 16280309295631304737 16 14146 14208 499
span 8857511694101575097 16 14174 14181 500
span 3344701534540443416 16 14213 14275 502
span 4276083081340460728 16 14241 14248 503
span 17559267024012717225 16 14280 14342 505
span 9089843649739160678 16 14308 14315 506
span 4848790611301086858 16 14347 14409 508
span 16167133526760619330 16 14375 14382 509
span 17139782469446632616 16 14414 14476 511
span 11425069502811555626 16 14442 14449 512
span 9402308753462982109 16 14481 14543 514
span 10743545926142805258 16 14509 14516 515
span 5489521116103105639 16 14548 14610 517
span 15900399078285346757 16 14576 14583 518
span 12599562499450229436 16 14615 14677 520
span 15709770393586422621 16 14643 14650 521
span 6604986521486658062 16 14682 14751 523
span 13958737790776583133 16 14717 14724 524
span 4157840636067204795 16 14767 15006 527
span 8088716693381409473 16 14809 14815 528
span 8355145207500789491 16 14863 14915 531
span 10444056574920849005 16 14873 14915 531
span 16194940605701988405 16 14863 14870 531
span 8279416396965562955 16 14922 15000 532
span 15371432981113006885 16 14965 14971 533
span 8112074773656586559 16 15011 15252 536
span 18424586060487378809 16 15055 15061 537
span 13512021940181927590 16 15109 15161 540
span 3746277101105942493 16 15119 15161 540
span 1035875795694253290 16 15109 15116 540
span 10983703555704433200 16 15168 15246 541
span 9242731823035999457 16 15211 15217 542
span 1550972842522522829 16 15257 15498 545
span 17315128095223628645 16 15301 15307 546
span 10805785825324957144 16 15355 15407 549
span 7261872122300703008 16 15365 15407 549
span 8156130656666136835 16 15355 15362 549
span 9152446761928774685 16 15414 15492 550
span 14462618480250794404 16 15457 15463 551
span 2399262979598463352 16 15503 15744 554
span 14283985257282891790 16 15547 15553 555
span 11371384138107376183 16 15601 15653 558
span 6344787346727121083 16 15611 15653 558
span 5524484561805917812 16 15601 15608 558
span 4538597895658988181 16 15660 15738 559
span 12877824064266171850 16 15703 15709 560
span 12320095070427482558 16 15749 15990 563
span 12023329871724816453 16 15793 15799 564
span 1443818907868725842 16 15847 15899 567
span 14442806638789145761 16 15857 15899 567
span 14521466984951114369 16 15847 15854 567
span 17219091397382566981 16 15906 15984 568
span 309188033926997603 16 15949 15955 569
span 11784987810643904304 16 15995 16236 572
span 4181395976885693768 16 16039 16045 573
span 1870451993675445859 16 16093 16145 576
span 10704782851605965378 16 16103 16145 576
span 17020125447397945165 16 16093 16100 576
span 2485171857665066801 16 16152 16230 577
span 5500601058320850199 16 16195 16201 578
span 18012574847497513885 16 16241 16482 581
span 4318620217814878173 16 16285 16291 582
span 5163617619909730470 16 16339 16391 585
span 1170198761946812729 16 16349 16391 585
span 739933547453056193 16 16339 16346 585
span 13664476513466221913 16 16398 16476 586
span 14605070005005665790 16 16441 16447 587
span 15007081399018052675 16 16487 16728 590
span 13739570084651559994 16 16531 16537 591
span 9694860690662570820 16 16585 16637 594
span 15489983202682341605 16 16595 16637 594
span 4871976911831930928 16 16585 16592 594
span 2251806393548897463 16 16644 16722 595
span 7432301025690595859 16 16687 16693 596
span 14762350209375426475 16 16733 16974 599
span 16842039236711270359 16 16777 16783 600
span 3532094779894500467 16 16831 16883 603
span 8939103424767486361 16 16841 16883 603
span 13569799657054101870 16 16831 16838 603
span 2896400080841307282 16 16890 16968 604
span 17981320384243096974 16 16933 16939 605
span 2733801855387128005 16 16979 17220 608
span 8785883466189628758 16 17023 17029 609
span 6507415427345888223 16 17077 17129 612
span 18180261111198761326 16 17087 17129 612
span 3660713299991166111 16 17077 17084 612
span 11477023169282866515 16 17136 17214 613
span 6937948019978989968 16 17179 17185 614
span 3878914590785863125 16 17225 17469 617
span 2797865625358681596 16 17269 17276 618
span 12681544709587391804 16 17324 17377 621
span 10366104183017445987 16 17334 17377 621
span 382094249284729877 16 17324 17331 621
span 13580114890595834521 16 17384 17463 622
span 11880479544878264305 16 17427 17434 623
span 5426599315244735084 16 17474 17719 626
span 7170327701423269376 16 17519 17526 627
span 4239842256694841304 16 17574 17627 630
span 1909874436435440175 16 17584 17627 630
span 5536298787518083184 16 17574 17581 630
span 5515896207595092707 16 17634 17713 631
span 1050417717452695180 16 17677 17684 632
span 4570264606877051627 16 17724 17969 635
span 8442988697604225083 16 17769 17776 636
span 9775954715674207939 16 17824 17877 639
span 11179379389746551160 16 17834 17877 639
span 12040189132576327793 16 17824 17831 639
span 14523277929830314607 16 17884 17963 640
span 5037137594231863884 16 17927 17934 641
span 16821869578034690460 16 17974 18219 644
span 3098673154465936995 16 18019 18026 645
span 556985320999084374 16 18074 18127 648
span 5796172387181136172 16 18084 18127 648
span 10033339303781940467 16 18074 18081 648
span 4171508381607650126 16 18134 18213 649
span 16224585884506638821 16 18177 18184 650
span 565996044602531201 16 18224 18469 653
span 10569577353521456085 16 18269 18276 654
span 15966073584427762997 16 18324 18377 657
span 2022299653323311559 16 18334 18377 657
span 16044231515440238410 16 18324 18331 657
span 1222504477274577293 16 18384 18463 658
span 1382966428410182518 16 18427 18434 659
span 8680071740695715487 16 18474 18719 662
span 13679885413916830548 16 18519 18526 663
span 11267748812184055568 16 18574 18627 666
span 10589165540300320165 16 18584 18627 666
span 1058780748330271451 16 18574 18581 666
span 2949443447230415883 16 18634 18713 667
span 11461585759941535153 16 18677 18684 668
span 10874309808179401000 16 18724 18969 671
span 12151487640852243968 16 18769 18776 672
span 11233069772221054960 16 18824 18877 675
span 10109132778476810331 16 18834 18877 675
span 8698238145582161280 16 18824 18831 675
span 8597368556886614680 16 18884 18963 676
span 16633122425570087225 16 18927 18934 677
span 7382363788071931065 16 18974 19219 680
span 8885065853727387874 16 19019 19026 681
span 17503988730204587481 16 19074 19127 684
span 17563427412853792476 16 19084 19127 684
span 7192315300372801627 16 19074 19081 684
span 6211171013090231638 16 19134 19213 685
span 5834268666799883067 16 19177 19184 686
span 15056661690993380027 16 19224 19469 689
span 1509596928485898027 16 19269 19276 690
span 8005955495633153571 16 19324 19377 693
span 7368411670516248534 16 19334 19377 693
span 8957962324325303197 16 19324 19331 693
span 16020278669794327114 16 19384 19463 694
span 12593267634570337813 16 19427 19434 695
span 8482087234766794442 16 19474 19719 698
span 7573796848769264442 16 19519 19526 699
span 14991928108694419292 16 19574 19627 702
span 14952957910992968042 16 19584 19627 702
span 5144681804218070265 16 19574 19581 702
span 92136308395363249 16 19634 19713 703
span 3181721395380278694 16 19677 19684 704
span 12589931592416486317 16 19724 19969 707
span 10344854526869093716 16 19769 19776 708
span 15289692834358451421 16 19824 19877 711
span 5796937664217511266 16 19834 19877 711
span 14838556093117091500 16 19824 19831 711
span 946521151672383005 16 19884 19963 712
span 16823207144126413527 16 19927 19934 713
span 1200582780855161320 16 19974 20219 716
span 3506064470509958687 16 20019 20026 717
span 7426077102743016271 16 20074 20127 720
span 14962037058126935270 16 20084 20127 720
span 10046580473813556783 16 20074 20081 720
span 2658847349035493579 16 20134 20213 721
span 5926622845028698760 16 20177 20184 722
span 15150198853772760544 16 20224 20469 725
span 13326436923525655625 16 20269 20276 726
span 8122660721593105786 16 20324 20377 729
span 5959605714583090549 16 20334 20377 729
span 11767930252133550044 16 20324 20331 729
span 14163946213131583259 16 20384 20463 730
span 2168401374388448552 16 20427 20434 731
span 4667629704162302302 16 20474 20719 734
span 5970659148250294226 16 20519 20526 735
span 4229540034501600317 16 20574 20627 738
span 6370909809911084104 16 20584 20627 738
span 18106580988121926463 16 20574 20581 738
span 10008623140551343570 16 20634 20713 739
span 2323058799197455409 16 20677 20684 740
span 9119205672627104145 16 20724 20969 743
span 16292328677019491893 16 20769 20776 744
span 8565668123598392240 16 20824 20877 747
span 18446641367329586058 16 20834 20877 747
span 7938400492746082576 16 20824 20831 747
span 1742679975360004206 16 20884 20963 748
span 1026108580992582434 16 20927 20934 749
span 9685409207362320107 16 20974 21219 752
span 11990301787736437300 16 21019 21026 753
span 6582070402377147340 16 21074 21127 756
span 4774307128346034806 16 21084 21127 756
span 6196479435757703147 16 21074 21081 756
span 4238510683083518349 16 21134 21213 757
span 9684885840907043745 16 21177 21184 758
span 4982214629772337544 16 21224 21469 761
span 16868582145754834791 16 21269 21276 762
span 80645502067733454 16 21324 21377 765
span 13418886901982804946 16 21334 21377 765
span 9800199796736683431 16 21324 21331 765
span 9533091916595836675 16 21384 21463 766
span 17919099878164342095 16 21427 21434 767
span 804463447107225124 16 21474 21719 770
span 8889376505693602475 16 21519 21526 771
span 7490573667706152078 16 21574 21627 774
span 18228581325811720920 16 21584 21627 774
span 1831194591822325608 16 21574 21581 774
span 123654150098715197 16 21634 21713 775
span 13355865299705124608 16 21677 21684 776
span 17034789339799699577 16 21724 21969 779
span 2343366872943668811 16 21769 21776 780
span 9814127552699494218 16 21824 21877 783
span 7663508322271638972 16 21834 21877 783
span 13542238818936658071 16 21824 21831 783
span 688360155135398895 16 21884 21963 784
span 3008058805560324916 16 21927 21934 785
span 2866642392373552216 16 21974 22219 788
span 563270229646830810 16 22019 22026 789
span 11276071885220039431 16 22074 22127 792
span 12930580828815212326 16 22084 22127 792
span 1720456065523008244 16 22074 22081 792
span 8862629852559686672 16 22134 22213 793
span 14453741108107035098 16 22177 22184 794
span 6934382370911213941 16 22224 22469 797
span 6697318854889864071 16 22269 22276 798
span 3463197547965495879 16 22324 22377 801
span 4988323119784274424 16 22334 22377 801
span 11673688766493409697 16 22324 22331 801
span 14550879392123299901 16 22384 22463 802
span 9672056832337479088 16 22427 22434 803
span 13652453747624592387 16 22479 22532 807
span 1944028281936213958 16 22489 22532 807
span 1006490524070438098 16 22479 22486 807
span 11902646137275160943 16 22537 22778 808
span 115376143606842299 16 22578 22585 809
span 15809548952023228604 16 22633 22686 812
span 12878603843479168285 16 22643 22686 812
span 17977200404160948154 16 22633 22640 812
span 6089440018818529112 16 22693 22772 813
span 4291769583290386730 16 22736 22743 814
span 7701867955976187234 16 22785 22803 818
span 5675091249076180409 16 22818 22836 819
span 14826655746508049831 16 22853 22871 820
span 7703989257652508693 16 22888 22906 821
span 5079325914774930735 6 0 2346 1
span 5533126382048721061 6 104 113 2
span 9329928264380869341 6 120 2320 3
span 11036483439257493135 6 162 195 4
span 12514835530214698131 6 162 171 4
span 18423340396626321721 6 237 296 6
span 7754807365937498259 6 250 291 6
span 16489231956983805859 6 237 246 6
span 13241271589292885390 6 338 502 8
span 5829637760133094377 6 350 502 8
span 13089590956117415288 6 338 347 8
span 5704074966471993702 6 544 798 10
span 959961632455388116 6 556 798 10
span 15106661737710079019 6 544 553 10
span 7923226204090231108 6 840 1015 12
span 13554467094779228952 6 852 1015 12
span 12439137648683547551 6 840 849 12
span 10350945526209088429 6 1057 1090 14
span 9632462430052072595 6 1057 1066 14
span 13683718558881692094 6 1132 1165 16
span 4673920287369792754 6 1132 1141 16
span 5490984380760292945 6 1207 1382 18
span 2029050642080124057 6 1219 1382 18
span 17741534292276519473 6 1207 1216 18
span 4252068334589011628 6 1424 1632 20
span 15062823584043263990 6 1436 1632 20
span 10043798478575547506 6 1424 1433 20
span 1306509236973450801 6 1674 1759 22
span 6394471177587013102 6 1687 1754 22
span 12351731600917279201 6 1674 1683 22
span 6084617644971910029 6 1802 1849 24
span 2042383115492598213 6 1802 1811 24
span 7657604914675479059 6 1892 1978 26
span 2122068365253953008 6 1905 1973 26
span 675718735957383496 6 1892 1901 26
span 12855821912763894299 6 2021 2081 28
span 9623307020578360890 6 2034 2076 28
span 2231704219248076496 6 2021 2030 28
span 14086670330832437841 6 2124 2184 30
span 11399215504311445805 6 2137 2179 30
span 14041514574846522924 6 2124 2133 30
span 3310138784780229926 6 2227 2287 32
span 9275533265842292173 6 2240 2282 32
span 17504242451745542099 6 2227 2236 32
span 259620673149970250 6 2303 2312 34
span 6234290724938673701 6 2323 2332 36
span 599574965052301127 3 949 24583 18
span 11639057352433331071 3 1370 1379 20
span 8355365793274316306 3 1390 1401 21
span 17126317029754790264 3 1412 1423 22
span 13283429923184357726 3 1434 1445 23
span 8710209901816864103 3 1456 1487 24
span 3556497371693788414 3 1498 1520 25
span 15400257452156067965 3 1531 1562 26
span 10424942172114138361 3 1573 1595 27
span 885480059268040746 3 1607 1635 28
span 5273426991100867083 3 1647 1675 29
span 13942204433699715537 3 1686 1688 30
span 9652599523481110048 3 1700 1732 31
span 8621202437722663821 3 1744 1776 32
span 15854353597941142749 3 1788 1828 33
span 18285006514961368282 3 1839 1869 34
span 14881958847696795655 3 1881 1912 35
span 13918356859619717833 3 1923 1929 36
span 7675894128079758894 3 1945 1985 37
span 1708734416995303765 3 1996 2026 38
span 9032612819242082871 3 2038 2069 39
span 14340909238788362131 3 2080 2086 40
span 9804667701134202433 3 2102 2135 41
span 15023760805260901431 3 2147 2190 42
span 9178120110380331017 3 2201 2234 43
span 9143127590419998596 3 2246 2289 44
span 4503732790946444475 3 2300 2339 45
span 14600057504514648166 3 2350 2389 46
span 13916722180770030503 3 2400 2432 47
span 18047940500088669831 3 2444 2486 48
span 15374025332089980232 3 2497 2536 49
span 17939522468943034513 3 2547 2586 50
span 7591832211101749816 3 2597 2629 51
span 7641926666414211160 3 2641 2683 52
span 13051306339432404390 3 2694 2727 53
span 15425573287856898399 3 2739 2782 54
span 14493457186906690246 3 2793 2826 55
span 3657288904020049311 3 2838 2881 56
span 14320612937570513400 3 2892 2932 57
span 15540312094945040606 3 2943 2970 58
span 13917493259340254516 3 2981 3021 59
span 8084794707967702970 3 3032 3059 60
span 15424928364920696631 3 3166 3197 93
span 2374323398377632389 3 3209 3240 94
span 3041794503925385298 3 3252 3281 95
span 5042637288060368202 3 3291 3297 96
span 1560514496741749607 3 3312 3318 97
span 17570733045500038142 3 3333 3368 98
span 1796731906743196882 3 3380 3415 99
span 7209531660291771960 3 3426 3432 100
span 12379013962408038072 3 3447 3454 101
span 7394939564359622531 3 3468 3475 102
span 2493672885759530086 3 3489 3496 103
span 2309910012256427782 3 3510 3517 104
span 15034484281426233230 3 3531 3538 105
span 13258296415016564866 3 3553 3560 106
span 12194362853097364662 3 3574 3581 107
span 6503747582557167693 3 3596 3603 108
span 17962374718251394950 3 3614 3663 109
span 3370878783136588213 3 3614 3620 109
span 15881883073044493945 3 3666 3736 110
span 5349245357769041928 3 3666 3697 110
span 15526683041699904693 3 3739 3809 111
span 7114978012492587084 3 3739 3770 111
span 6820815567781614864 3 3812 3919 112
span 12421294110836446143 3 3867 3915 113
span 1388131747573796847 3 3867 3873 113
span 3360689238052179881 3 3922 3971 115
span 1813391374930633040 3 3922 3928 115
span 10003308396241136149 3 3974 3996 116
span 3924498529550157140 3 4008 4115 117
span 5920821437451894233 3 4063 4111 118
span 18353539929799262853 3 4063 4069 118
span 6358494792695213364 3 4118 4140 120
span 4237989813002746358 3 4397 4506 121
span 17062572935622006179 3 4152 4506 121
span 4345874530007150244 3 4157 4177 121
span 10354685090049145539 3 4210 4234 121
span 6460356086728715883 3 4271 4295 121
span 9168502224357633487 3 4332 4357 121
span 11849630679974540076 3 4509 4589 122
span 5746784519407099255 3 4522 4589 122
span 12680055952075557076 3 4513 4519 122
span 12737962297254594173 3 4592 4672 123
span 5549897838356157 3 4605 4672 123
span 8801440459470372766 3 4596 4602 123
span 641402474123327757 3 4675 5357 124
span 9281323614660732615 3 4691 5357 124
span 15348788819496225070 3 4679 4688 124
span 11941934888663240017 3 5360 5964 125
span 2185802389006662087 3 5881 5964 125
span 8970490673785039912 3 5365 5388 125
span 12458763633475361866 3 5409 5432 125
span 15274309281986096447 3 5453 5475 125
span 5251317175842903117 3 5495 5517 125
span 17417967175820134763 3 5537 5561 125
span 16312451293055438157 3 5583 5609 125
span 1952175358990237404 3 5633 5663 125
span 14659079288222852378 3 5691 5714 125
span 11443309949167948255 3 5735 5758 125
span 12867859795688604077 3 5779 5805 125
span 12078622545641601194 3 5829 5855 125
span 11795935294163599422 3 5967 6571 126
span 11006744268872698616 3 6488 6571 126
span 8173236744500696546 3 5972 5995 126
span 6551651808818863493 3 6016 6039 126
span 14937553773769554042 3 6060 6082 126
span 8117132632132469228 3 6102 6124 126
span 13587416734688007177 3 6144 6168 126
span 2944132711160390801 3 6190 6216 126
span 6156603456494120318 3 6240 6270 126
span 17720132492715333252 3 6298 6321 126
span 3619282037461681640 3 6342 6365 126
span 8108966904102067780 3 6386 6412 126
span 4662777327840781032 3 6436 6462 126
span 16687966406574625643 3 6593 6682 127
span 17696515301788052894 3 6578 6590 127
span 7529147306668737534 3 6704 6793 128
span 3483485159976346065 3 6689 6701 128
span 13608849890297704891 3 6796 7128 129
span 7736467906263267562 3 6819 7128 129
span 8458532660016864682 3 6800 6816 129
span 16456257669393839621 3 7131 7463 130
span 5858708501486440860 3 7154 7463 130
span 15822758569428951913 3 7135 7151 130
span 5099588571122633924 3 7466 8559 131
span 9618515994053310044 3 7773 8559 131
span 8723485629144612584 3 7471 7500 131
span 13607994159604163893 3 7546 7575 131
span 12300780376212091392 3 7621 7650 131
span 6383616494733928195 3 7696 7725 131
span 7328777627140069043 3 8562 8640 132
span 2558668659178978405 3 8575 8640 132
span 6082723124637704663 3 8566 8572 132
span 5068547273477243051 3 8643 8721 133
span 8159260779638022355 3 8656 8721 133
span 9601891119256985639 3 8647 8653 133
span 7052727113022300477 3 8724 9665 134
span 798931718915772388 3 9091 9665 134
span 5768946416733378117 3 8729 8751 134
span 17248817076162073398 3 8790 8808 134
span 13408132929033442058 3 8843 8865 134
span 2915733524084555700 3 8904 8926 134
span 15807956917644404417 3 8965 8988 134
span 9200423025422282506 3 9028 9050 134
span 3441397372588203449 3 9668 9901 135
span 10369956236769410537 3 9686 9901 135
span 8223109314257741076 3 9672 9683 135
span 18273715155205380940 3 9904 9970 136
span 11703375293266545262 3 9973 10245 137
span 13583693297442260803 3 9904 9936 136
span 10460300552994028103 3 9991 10245 137
span 16961821617158159115 3 9977 9988 137
span 712117907869525551 3 10248 10314 138
span 3311751408657062097 3 10248 10280 138
span 1311794200201295582 3 10317 10689 139
span 3415842711901468213 3 10335 10689 139
span 14559276887514906735 3 10321 10332 139
span 11676644790659862918 3 10692 10758 140
span 13393516777144591819 3 10692 10724 140
span 10349881863326694611 3 10761 11133 141
span 1877460525417120604 3 10779 11133 141
span 5321760541671714046 3 10765 10776 141
span 10338418768010582105 3 11136 11202 142
span 4499227068009795782 3 11136 11168 142
span 584799775421664367 3 11228 11876 143
span 566148517166386930 3 11209 11225 143
span 5874432771912280447 3 11879 11959 144
span 5851142236812018256 3 11879 11918 144
span 799509083877079960 3 11962 12042 145
span 18225635855750825465 3 11962 12001 145
span 16562836044795746969 3 12045 12131 146
span 4526967937764316651 3 12045 12087 146
span 984756343956312218 3 12134 12216 147
span 2340013052976360684 3 12134 12174 147
span 5521433635767415400 3 12242 12890 148
span 1652981828067092094 3 12223 12239 148
span 14894438372187381891 3 12893 12973 149
span 11616325052993783574 3 12893 12932 149
span 5474597783224469075 3 12976 13056 150
span 5132524759876354829 3 12976 13015 150
span 18055058540126553279 3 13059 13145 151
span 7939348699800443665 3 13059 13101 151
span 16183799307607282949 3 13148 13230 152
span 4127118033865343383 3 13148 13188 152
span 18254884422769855081 3 13233 13554 153
span 46830104321403283 3 13257 13554 153
span 2464333602092699786 3 13237 13254 153
span 525832258982693102 3 13557 13645 154
span 1892909262201992573 3 13557 13600 154
span 15761056357518764421 3 13648 13969 155
span 9624023195314083627 3 13672 13969 155
span 10936013343256424843 3 13652 13669 155
span 15398159556215627802 3 13972 14060 156
span 3914435069683015318 3 13972 14015 156
span 13996503007567557566 3 14082 14285 157
span 9786945704340214569 3 14067 14079 157
span 15558769047444683986 3 14288 14350 158
span 13684200452707250567 3 14288 14318 158
span 12733966061810091483 3 14353 14417 159
span 15670021881328460303 3 14353 14384 159
span 18073960886081974750 3 14420 14488 160
span 3096740110511295269 3 14420 14453 160
span 4604734695625222042 3 14510 14713 161
span 8229395530177648450 3 14495 14507 161
span 5855775196815609956 3 14716 14778 162
span 17514732904221995283 3 14716 14746 162
span 15714957687407903800 3 14781 14845 163
span 2504886047610462902 3 14781 14812 163
span 15284981281729951395 3 14848 14916 164
span 5213675610373938171 3 14848 14881 164
span 6806535055211622861 3 14919 15143 165
span 1691120178467872781 3 14943 15143 165
span 13736429540883481062 3 14923 14940 165
span 7194626331069127944 3 15146 15228 166
span 18257576379731549774 3 15146 15186 166
span 8439396537100443434 3 15231 15319 167
span 2735949695922842113 3 15231 15274 167
span 13859490382602228289 3 15322 15546 168
span 6541580120358083721 3 15346 15546 168
span 6153871374398324373 3 15326 15343 168
span 8314927371649234061 3 15549 15631 169
span 208667966779147021 3 15634 15647 170
span 9175584597029586886 3 15654 15703 171
span 3691175543649003366 3 15654 15660 171
span 5234972223665031416 3 15549 15589 169
span 5237567002065809536 3 15706 15794 172
span 1520086006735166808 3 15820 15917 174
span 6283555871760140911 3 15706 15749 172
span 17340972725507060872 3 15797 15812 173
span 2875536143505613438 3 15864 15913 175
span 4589197258845662205 3 15864 15870 175
span 10030340764310524932 3 15920 15984 177
span 5205847164820149201 3 15920 15926 177
span 2628316410308683184 3 16014 16126 179
span 36127996242606834 3 15987 16002 178
span 16013291596390989829 3 16058 16122 180
span 16341734009373711905 3 16058 16064 180
span 1358310463769375516 3 16129 16182 182
span 10798736169198341690 3 16129 16135 182
span 2445661729315012714 3 16210 16311 184
span 17861499119402977321 3 16185 16198 183
span 8161041128038919736 3 16254 16307 185
span 12025361385425228233 3 16254 16260 185
span 11273811310774689513 3 16314 16381 187
span 15379611554443593656 3 16314 16321 187
span 17452498310372246592 3 16413 16528 189
span 5163268262957186175 3 16384 16401 188
span 4033374642330658235 3 16457 16524 190
span 5684278437863238230 3 16457 16464 190
span 17216224280749456530 3 16531 16589 192
span 14202147980331524769 3 16531 16538 192
span 16482642779930932265 3 16620 16726 194
span 6760453240443054076 3 16592 16607 193
span 6697122862151937068 3 16664 16722 195
span 12120811019777692979 3 16664 16671 195
span 16015942294823941598 3 16729 16790 197
span 14297699367882344634 3 16729 16736 197
span 11929056223349857189 3 16822 16931 199
span 3650929907400448659 3 16793 16809 198
span 12458115130954655866 3 16866 16927 200
span 8260305473249840646 3 16866 16873 200
span 2347840203827373984 3 16934 17002 202
span 4718086162021620658 3 16934 16941 202
span 16046663599367681593 3 17034 17150 204
span 2788066442901546300 3 17005 17021 203
span 421459338284071970 3 17078 17146 205
span 1847624240215487740 3 17078 17085 205
span 8748434587208048139 3 17178 17794 208
span 2188826084284676206 3 17153 17165 207
span 3828281852454880427 3 17234 17275 210
span 6255340948638617954 3 17234 17243 210
span 14126663063248678208 3 17326 17335 212
span 4998245521851500161 3 17420 17429 214
span 4368997053015848421 3 17514 17523 216
span 4269685628313259110 3 17599 17608 218
span 12534815953231893374 3 17684 17693 220
span 4205678252394358357 3 17748 17757 222
span 3199241095410250911 3 17777 17786 224
span 3944604349162907558 3 17797 18429 226
span 12937472428670972606 3 17853 17896 228
span 7829603691098806759 3 17853 17864 228
span 4183515170898238116 3 17947 17958 230
span 4101956726895136055 3 18043 18054 232
span 6958127707743622737 3 18139 18150 234
span 14358784001477861575 3 18226 18237 236
span 2760449901222354090 3 18313 18324 238
span 7019494609672355463 3 18379 18390 240
span 9176053053541765510 3 18410 18421 242
span 11249454715454870944 3 18432 19064 244
span 11911770898047900795 3 18488 18531 246
span 12130617320788104835 3 18488 18499 246
span 13161124152744289408 3 18582 18593 248
span 16875326142301779689 3 18648 18659 250
span 16181675366113611662 3 18744 18755 252
span 16038830685056064850 3 18840 18851 254
span 4959166161617238408 3 18927 18938 256
span 7231274230872690597 3 19014 19025 258
span 9155405005867343812 3 19045 19056 260
span 18207790255219958332 3 19067 19699 262
span 4627923055526734606 3 19123 19166 264
span 5536205098770111755 3 19123 19134 264
span 5797651231637919629 3 19217 19228 266
span 3582570127377597829 3 19283 19294 268
span 10948698934962468547 3 19379 19390 270
span 10206961197473990456 3 19475 19486 272
span 9791372602839239507 3 19562 19573 274
span 2676628207852211489 3 19649 19660 276
span 18149989159751936465 3 19680 19691 278
span 3374249311218718100 3 19702 20111 280
span 7780864247703708371 3 19722 19724 281
span 1167475802391675503 3 19744 20107 283
span 1902140988157522257 3 19804 19940 287
span 16974538031182378570 3 19814 19940 287
span 14799281919105743023 3 19804 19811 287
span 14556109441655605204 3 19947 19949 288
span 6976590849616594014 3 19979 20015 290
span 380501487132754560 3 19985 19989 290
span 5304441579080482369 3 20022 20039 291
span 2756317017651333102 3 20046 20101 293
span 12182479222778777754 3 20068 20070 294
span 10588634727529377673 3 20114 20241 298
span 14651263436958037937 3 20132 20241 298
span 323558531883194108 3 20118 20125 298
span 8166941478777924264 3 20244 20320 299
span 12711935434271089571 3 20258 20320 299
span 7890880595234082497 3 20248 20255 299
span 6742149793003115510 3 20323 20470 300
span 6651211284181290144 3 20341 20470 300
span 7961107025821297570 3 20327 20334 300
span 10757009426786792074 3 20473 20587 301
span 2252599050399201786 3 20491 20587 301
span 7415193165856745570 3 20477 20484 301
span 18126028744264240539 3 20606 20702 302
span 8223724666659716935 3 20594 20603 302
span 9210234161968636718 3 20705 20735 303
span 10371964043229482791 3 20705 20712 303
span 3187733625102825455 3 20738 20835 304
span 13470879941255798072 3 20790 20831 305
span 15225090759155487215 3 20790 20797 305
span 9936454823639249603 3 20838 20914 307
span 14885894428104158921 3 20852 20914 307
span 3006025663891789461 3 20842 20849 307
span 10652002670017089513 3 20917 21064 308
span 14667283105019891784 3 20935 21064 308
span 5330944728102836524 3 20921 20928 308
span 13422844762443871440 3 21067 21181 309
span 5990782151389540011 3 21085 21181 309
span 17840198312133054727 3 21071 21078 309
span 8719278897286847984 3 21200 21296 310
span 2562502756625841566 3 21188 21197 310
span 11592181690987495696 3 21299 21352 311
span 6088864854021759598 3 21299 21306 311
span 13611371988568776804 3 21355 21454 312
span 6470016563803809559 3 21397 21450 313
span 6223938396044216511 3 21397 21404 313
span 370161766447107807 3 21457 21622 315
span 14439883451702908664 3 21474 21622 315
span 17141244402444242466 3 21461 21468 315
span 14103163385723996199 3 21625 21731 316
span 15708023944453434687 3 21643 21731 316
span 3460045135434872131 3 21629 21636 316
span 4666837731388781126 3 21734 21842 317
span 6165525098919180285 3 21752 21842 317
span 227153285399417431 3 21738 21745 317
span 10507865875622768467 3 21845 22012 318
span 14502375689048432479 3 21862 22012 318
span 813683135697219172 3 21849 21856 318
span 813499336493953476 3 22015 22145 319
span 2108295093525526141 3 22033 22145 319
span 14399156866079773276 3 22019 22026 319
span 12473311152479740649 3 22148 22288 320
span 6910993008311690193 3 22166 22288 320
span 1028070242189409789 3 22152 22159 320
span 11883214730708773416 3 22291 22617 321
span 5438385666437468124 3 22396 22617 321
span 14499387160561981458 3 22296 22316 321
span 18116930151630677324 3 22346 22365 321
span 2386037400990011874 3 22620 22648 322
span 6098058419388128538 3 22620 22627 322
span 16835529210130769477 3 22651 22761 323
span 11445364731194328253 3 22711 22757 324
span 10699089903555242831 3 22711 22718 324
span 13056558703662597822 3 22764 22862 326
span 3294323948857406070 3 22782 22862 326
span 11382322743419487035 3 22768 22775 326
span 1643719931168022706 3 22865 23238 327
span 3535513212514787241 3 22884 23238 327
span 17330984230505066379 3 22869 22881 327
span 16114193459275662858 3 23241 23305 328
span 11575251096759463063 3 23241 23272 328
span 15593715679562227464 3 23308 23380 329
span 11895765814023812440 3 23308 23343 329
span 2727203460189589029 3 23383 23441 330
span 9601979770401511985 3 23383 23411 330
span 15331264563748543224 3 23444 23500 331
span 1393265955635291391 3 23503 23531 332
span 4310677056574573568 3 23503 23510 332
span 3447609568981305011 3 23444 23471 331
span 670877417747079717 3 23534 23602 333
span 875184317977611178 3 23534 23567 333
span 16491614893651276536 3 23605 23715 334
span 586803682501682205 3 23665 23711 335
span 10497670568643898405 3 23665 23672 335
span 8436233752804496244 3 23718 23816 337
span 18067426666700491484 3 23736 23816 337
span 303616183216746492 3 23722 23729 337
span 7646826514211356774 3 23819 24185 338
span 13489412423385285432 3 23838 24185 338
span 14825036731905176804 3 23823 23835 338
span 18373576625147691995 3 24188 24252 339
span 4051220024616631997 3 24188 24219 339
span 4324980909920110672 3 24255 24327 340
span 15209393374712255295 3 24255 24290 340
span 11179633581538204334 3 24330 24388 341
span 17622929524325372452 3 24330 24358 341
span 6469996760217675189 3 24391 24447 342
span 4051959128145078669 3 24391 24418 342
span 146148003641242029 3 24450 24518 343
span 13600270893048684914 3 24450 24483 343
span 15841500501857096180 3 24521 24581 344
span 1470006567349978176 3 24521 24550 344
